0 0 0
-0.0179821919401347 0.001 0.00895021165076171
-0.0268242829268271 0.002 0.0178014174931043
-0.0355683540461888 0.003 0.0265546026512812
-0.0442153806121957 0.004 0.0352107424473959
-0.0527663282342874 0.005 0.0437708024989348
-0.061222152913929 0.006 0.0522357388153298
-0.0695838011402121 0.007 0.0606064978935601
-0.0778522099845047 0.008 0.0688840168128023
-0.0860283071941586 0.009 0.0770692233281397
-0.0941130112852854 0.01 0.0851630359633381
-0.102107231634609 0.011 0.0931663641026992
-0.110011868570402 0.012 0.101080108082
-0.117827813462524 0.013 0.108905159278526
-0.125555948811554 0.014 0.116642400200211
-0.133197148337044 0.015 0.124292704573889
-0.140752277064891 0.016 0.131856937432665
-0.148222191413842 0.017 0.139335955202422
-0.155607739281133 0.018 0.146730605787464
-0.162909760127283 0.019 0.154041728655303
-0.170129085060038 0.02 0.161270154920613
-0.177266536917486 0.021 0.168416707428338
-0.184322930350337 0.022 0.175482200835976
-0.191299071903392 0.023 0.18246744169505
-0.198195760096196 0.024 0.189373228531761
-0.205013785502894 0.025 0.196200351926839
-0.211753930831284 0.026 0.202949594594608
-0.218416971001095 0.027 0.20962173146125
-0.225003673221471 0.028 0.216217529742308
-0.231514797067702 0.029 0.222737749019398
-0.237951094557175 0.03 0.229183141316175
-0.24431331022458 0.031 0.235554451173533
-0.250602181196363 0.032 0.241852415724061
-0.256818437264438 0.033 0.248077764765756
-0.26296280095917 0.034 0.254231220835002
-0.269035987621625 0.035 0.260313499278828
-0.275038705475109 0.036 0.26632530832644
-0.280971655695986 0.037 0.272267349160047
-0.286835532483799 0.038 0.278140315984975
-0.292631023130691 0.039 0.283944896099096
-0.298358808090133 0.04 0.289681769961551
-0.304019561044971 0.041 0.295351611260801
-0.309613948974796 0.042 0.300955086981993
-0.315142632222639 0.043 0.306492857473663
-0.32060626456101 0.044 0.311965576513768
-0.326005493257273 0.045 0.317373891375066
-0.331340959138373 0.046 0.322718442889843
-0.336613296654923 0.047 0.327999865513998
-0.341823133944645 0.048 0.333218787390488
-0.346971092895185 0.049 0.338375830412142
-0.352057789206308 0.05 0.343471610283855
-0.357083832451459 0.051 0.348506736584152
-0.362049826138729 0.052 0.353481812826153
-0.366956367771202 0.053 0.358397436517922
-0.371804048906707 0.054 0.363254199222218
-0.376593455216975 0.055 0.36805268661565
-0.381325166546204 0.056 0.372793478547252
-0.385999756969049 0.057 0.377477149096459
-0.390617794848024 0.058 0.382104266630524
-0.395179842890342 0.059 0.386675393861349
-0.399686458204186 0.06 0.391191087901759
-0.404138192354422 0.061 0.395651900321216
-0.40853559141775 0.062 0.400058377200971
-0.412879196037318 0.063 0.404411059188678
-0.417169541476785 0.064 0.408710481552456
-0.421407157673849 0.065 0.412957174234418
-0.425592569293236 0.066 0.417151661903665
-0.429726295779174 0.067 0.421294464008752
-0.433808851407334 0.068 0.425386094829634
-0.437840745336257 0.069 0.429427063529098
-0.441822481658273 0.07 0.433417874203674
-0.44575455944991 0.071 0.437359025934048
-0.449637472821801 0.072 0.441251012834971
-0.453471710968096 0.073 0.44509432410467
-0.457257758215383 0.074 0.448889444073768
-0.460996094071117 0.075 0.452636852253718
-0.464687193271576 0.076 0.456337023384753
-0.468331525829335 0.077 0.459990427483364
-0.471929557080263 0.078 0.463597529889298
-0.47548174773006 0.079 0.467158791312095
-0.478988553900329 0.08 0.470674667877159
-0.482450427174186 0.081 0.47414561117137
-0.485867814641421 0.082 0.477572068288241
-0.489241158943206 0.083 0.480954481872635
-0.492570898316358 0.084 0.48429329016502
-0.495857466637168 0.085 0.487588927045303
-0.499101293464782 0.086 0.490841822076211
-0.502302804084165 0.087 0.49405240054625
-0.505462419548623 0.088 0.497221083512238
-0.508580556721912 0.089 0.500348287841403
-0.511657628319927 0.09 0.503434426253079
-0.514694042951968 0.091 0.506479907359972
-0.517690205161605 0.092 0.509485135709024
-0.520646515467134 0.093 0.512450511821867
-0.523563370401626 0.094 0.515376432234877
-0.526441162552581 0.095 0.518263289538826
-0.529280280601192 0.096 0.521111472418145
-0.532081109361205 0.097 0.523921365689788
-0.534844029817407 0.098 0.526693350341717
-0.537569419163724 0.099 0.529427803571001
-0.54025765084094 0.1 0.532125098821534
-0.542909094574038 0.101 0.534785605821383
-0.545524116409179 0.102 0.537409690619757
-0.548103078750302 0.103 0.539997715623618
-0.550646340395369 0.104 0.542550039633915
-0.553154256572239 0.105 0.54506701788147
-0.555627178974199 0.106 0.547549002062497
-0.558065455795126 0.107 0.549996340373778
-0.56046943176431 0.108 0.552409377547475
-0.56283944818093 0.109 0.554788454885611
-0.56517584294818 0.11 0.557133910294194
-0.56747895060706 0.111 0.559446078317015
-0.569749102369832 0.112 0.561725290169094
-0.571986626153142 0.113 0.56397187376981
-0.57419184661081 0.114 0.566186153775689
-0.576365085166296 0.115 0.56836845161287
-0.578506660044844 0.116 0.570519085509247
-0.580616886305304 0.117 0.572638370526297
-0.582696075871638 0.118 0.574726618590581
-0.584744537564111 0.119 0.576784138524938
-0.586762577130178 0.12 0.578811236079369
-0.588750497275053 0.121 0.580808213961614
-0.590708597691986 0.122 0.582775371867417
-0.592637175092226 0.123 0.584713006510501
-0.594536523234698 0.124 0.58662141165224
-0.596406932955376 0.125 0.58850087813103
-0.598248692196368 0.126 0.59035169389138
-0.60006208603471 0.127 0.5921741440127
-0.601847396710874 0.128 0.593968510737815
-0.603604903656993 0.129 0.595735073501187
-0.605334883524803 0.13 0.597474108956856
-0.60703761021331 0.131 0.599185891006112
-0.608713354896178 0.132 0.600870690824878
-0.610362386048849 0.133 0.602528776890834
-0.611984969475391 0.134 0.604160415010262
-0.613581368335074 0.135 0.605765868344627
-0.615151843168693 0.136 0.607345397436892
-0.616696651924616 0.137 0.608899260237577
-0.618216049984585 0.138 0.610427712130551
-0.619710290189247 0.139 0.611931005958569
-0.621179622863446 0.14 0.61340939204856
-0.62262429584125 0.141 0.614863118236659
-0.62404455449074 0.142 0.61629242989299
-0.625440641738539 0.143 0.617697569946202
-0.626812798094115 0.144 0.619078778907764
-0.628161261673822 0.145 0.620436294896018
-0.62948626822472 0.146 0.621770353659987
-0.630788051148144 0.147 0.623081188602951
-0.63206684152305 0.148 0.624369030805792
-0.633322868129118 0.149 0.625634109050096
-0.634556357469631 0.15 0.626876649841035
-0.63576753379413 0.151 0.628096877430016
-0.636956619120833 0.152 0.629295013837109
-0.638123833258841 0.153 0.630471278873247
-0.639269393830116 0.154 0.631625890162205
-0.64039351629125 0.155 0.63275906316237
-0.641496413955 0.156 0.633871011188278
-0.642578298011631 0.157 0.634961945431952
-0.643639377550025 0.158 0.636032074984019
-0.6446798595786 0.159 0.637081606854619
-0.645699949046 0.16 0.638110745994107
-0.646699848861602 0.161 0.639119695313547
-0.647679759915796 0.162 0.640108655705007
-0.648639881100081 0.163 0.641077826061642
-0.649580409326954 0.164 0.642027403297589
-0.650501539549598 0.165 0.642957582367657
-0.651403464781379 0.166 0.64386855628682
-0.652286376115151 0.167 0.644760516149524
-0.653150462742358 0.168 0.64563365114879
-0.653995911971962 0.169 0.646488148595141
-0.654822909249166 0.17 0.647324193935325
-0.655631638173965 0.171 0.648141970770867
-0.656422280519503 0.172 0.648941660876426
-0.657195016250249 0.173 0.649723444217971
-0.657950023539998 0.174 0.650487498970782
-0.658687478789686 0.175 0.651234001537263
-0.659407556645028 0.176 0.651963126564588
-0.660110430013989 0.177 0.652675046962159
-0.660796270084066 0.178 0.653369933918902
-0.661465246339417 0.179 0.654047956920387
-0.662117526577801 0.18 0.654709283765771
-0.662753276927363 0.181 0.655354080584583
-0.663372661863244 0.182 0.655982511853336
-0.663975844224033 0.183 0.656594740411974
-0.664562985228043 0.184 0.657190927480156
-0.665134244489443 0.185 0.657771232673378
-0.665689780034212 0.186 0.658335814018938
-0.666229748315944 0.187 0.658884827971734
-0.666754304231495 0.188 0.659418429429911
-0.66726360113647 0.189 0.659936771750354
-0.667757790860561 0.19 0.66044000676402
-0.66823702372273 0.191 0.660928284791122
-0.668701448546239 0.192 0.661401754656164
-0.669151212673535 0.193 0.66186056370282
-0.669586461980983 0.194 0.662304857808671
-0.670007340893453 0.195 0.66273478139979
-0.670413992398764 0.196 0.663150477465188
-0.670806558061983 0.197 0.663552087571112
-0.671185178039581 0.198 0.6639397518752
-0.671549991093447 0.199 0.664313609140499
-0.671901134604769 0.2 0.66467379674934
-0.672238744587767 0.201 0.665020450717077
-0.672562955703299 0.202 0.66535370570569
-0.672873901272322 0.203 0.665673695037249
-0.673171713289231 0.204 0.665980550707246
-0.673456522435052 0.205 0.666274403397797
-0.673728458090514 0.206 0.66655538249071
-0.673987648348987 0.207 0.666823616080422
-0.674234220029289 0.208 0.667079230986808
-0.674468298688371 0.209 0.667322352767866
-0.674690008633871 0.21 0.667553105732268
-0.674899472936546 0.211 0.667771612951798
-0.675096813442578 0.212 0.667977996273653
-0.675282150785759 0.213 0.66817237633263
-0.675455604399554 0.214 0.66835487256319
-0.675617292529047 0.215 0.668525603211402
-0.675767332242763 0.216 0.668684685346766
-0.675905839444375 0.217 0.668832234873922
-0.676032928884296 0.218 0.668968366544238
-0.676148714171153 0.219 0.669093193967289
-0.676253307783148 0.22 0.669206829622214
-0.676346821079306 0.221 0.669309384868966
-0.676429364310614 0.222 0.669400969959449
-0.676501046631039 0.223 0.669481694048542
-0.67656197610845 0.224 0.669551665205014
-0.676612259735423 0.225 0.669610990422332
-0.67665200343994 0.226 0.669659775629361
-0.676681312095982 0.227 0.669698125700956
-0.676700289534015 0.228 0.669726144468448
-0.676709038551376 0.229 0.669743934730032
-0.676707660922553 0.23 0.669751598261042
-0.676696257409357 0.231 0.669749235824129
-0.676674927771005 0.232 0.669736947179343
-0.676643770774092 0.233 0.669714831094102
-0.676602884202471 0.234 0.669682985353071
-0.676552364867026 0.235 0.669641506767945
-0.67649230861536 0.236 0.669590491187122
-0.676422810341375 0.237 0.669530033505295
-0.676343963994761 0.238 0.66946022767294
-0.676255862590397 0.239 0.669381166705708
-0.676158598217644 0.24 0.66929294269373
-0.676052262049563 0.241 0.669195646810825
-0.675936944352025 0.242 0.669089369323616
-0.675812734492741 0.243 0.66897419960056
-0.675679720950198 0.244 0.668850226120881
-0.67553799132251 0.245 0.668717536483421
-0.675387632336171 0.246 0.6685762174154
-0.675228729854736 0.247 0.668426354781087
-0.6750613688874 0.248 0.668268033590385
-0.674885633597506 0.249 0.668101338007338
-0.674701607310954 0.25 0.667926351358542
-0.674509372524539 0.251 0.667743156141479
-0.6743090109142 0.252 0.667551834032768
-0.674100603343187 0.253 0.667352465896332
-0.673884229870145 0.254 0.667145131791485
-0.673659969757123 0.255 0.666929910980936
-0.673427901477502 0.256 0.66670688193872
-0.673188102723836 0.257 0.666476122358037
-0.672940650415628 0.258 0.666237709159033
-0.672685620707018 0.259 0.665991718496481
-0.672423088994399 0.26 0.665738225767404
-0.672153129923958 0.261 0.665477305618611
-0.671875817399142 0.262 0.665209031954162
-0.671591224588042 0.263 0.664933477942761
-0.671299423930719 0.264 0.664650716025071
-0.67100048714644 0.265 0.664360817920957
-0.670694485240856 0.266 0.664063854636662
-0.670381488513096 0.267 0.663759896471901
-0.670061566562806 0.268 0.663449013026898
-0.6697347882971 0.269 0.663131273209345
-0.669401221937457 0.27 0.662806745241286
-0.66906093502654 0.271 0.662475496665949
-0.668713994434952 0.272 0.662137594354492
-0.668360466367921 0.273 0.661793104512698
-0.668000416371923 0.274 0.661442092687586
-0.667633909341236 0.275 0.661084623773977
-0.667261009524428 0.276 0.660720762020974
-0.666881780530785 0.277 0.660350571038391
-0.666496285336667 0.278 0.659974113803116
-0.666104586291811 0.279 0.659591452665404
-0.665706745125564 0.28 0.659202649355116
-0.665302822953055 0.281 0.65880776498789
-0.664892880281306 0.282 0.658406860071254
-0.664476977015286 0.283 0.657999994510675
-0.664055172463899 0.284 0.657587227615552
-0.663627525345916 0.285 0.657168618105144
-0.663194093795846 0.286 0.656744224114445
-0.662754935369749 0.287 0.656314103199995
-0.662310107050994 0.288 0.655878312345638
-0.661859665255955 0.289 0.655436907968218
-0.661403665839655 0.29 0.654989945923224
-0.66094216410135 0.291 0.654537481510371
-0.660475214790058 0.292 0.654079569479135
-0.660002872110035 0.293 0.653616264034223
-0.659525189726199 0.294 0.653147618841
-0.659042220769488 0.295 0.652673687030847
-0.658554017842182 0.296 0.652194521206484
-0.658060633023159 0.297 0.65171017344722
-0.657562117873103 0.298 0.651220695314171
-0.65705852343966 0.299 0.650726137855407
-0.656549900262545 0.3 0.650226551611065
-0.656036298378594 0.301 0.649721986618396
-0.655517767326766 0.302 0.649212492416775
-0.654994356153102 0.303 0.64869811805265
-0.654466113415625 0.304 0.648178912084449
-0.653933087189199 0.305 0.647654922587437
-0.653395325070334 0.306 0.647126197158519
-0.652852874181946 0.307 0.646592782921006
-0.652305781178073 0.308 0.646054726529323
-0.651754092248536 0.309 0.645512074173675
-0.651197853123557 0.31 0.644964871584669
-0.65063710907834 0.311 0.644413164037882
-0.650071904937588 0.312 0.643856996358393
-0.649502285079995 0.313 0.643296412925265
-0.648928293442676 0.314 0.64273145767598
-0.648349973525567 0.315 0.642162174110835
-0.647767368395771 0.316 0.641588605297294
-0.647180520691868 0.317 0.641010793874289
-0.646589472628174 0.318 0.640428782056491
-0.645994265998967 0.319 0.639842611638527
-0.645394942182667 0.32 0.639252323999158
-0.644791542145969 0.321 0.638657960105423
-0.644184106447944 0.322 0.63805956051673
-0.643572675244093 0.323 0.637457165388915
-0.642957288290363 0.324 0.636850814478256
-0.642337984947123 0.325 0.636240547145451
-0.6417148041831 0.326 0.63562640235955
-0.641087784579275 0.327 0.635008418701858
-0.640456964332742 0.328 0.634386634369786
-0.639822381260529 0.329 0.633761087180676
-0.639184072803376 0.33 0.633131814575582
-0.638542076029483 0.331 0.632498853623011
-0.637896427638215 0.332 0.631862241022635
-0.637247163963771 0.333 0.631222013108956
-0.636594320978821 0.334 0.630578205854942
-0.635937934298098 0.335 0.629930854875626
-0.635278039181966 0.336 0.629279995431662
-0.634614670539938 0.337 0.628625662432857
-0.633947862934177 0.338 0.62796789044166
-0.633277650582942 0.339 0.627306713676617
-0.632604067364017 0.34 0.626642166015793
-0.631927146818095 0.341 0.625974281000162
-0.631246922152137 0.342 0.625303091836959
-0.630563426242684 0.343 0.624628631403002
-0.629876691639154 0.344 0.623950932247977
-0.629186750567092 0.345 0.6232700265977
-0.628493634931392 0.346 0.62258594635733
-0.627797376319489 0.347 0.621898723114567
-0.627098006004521 0.348 0.621208388142806
-0.626395554948449 0.349 0.62051497240427
-0.625690053805161 0.35 0.619818506553098
-0.62498153292353 0.351 0.61911902093842
-0.624270022350455 0.352 0.618416545607384
-0.623555551833864 0.353 0.617711110308166
-0.622838150825685 0.354 0.617002744492939
-0.622117848484799 0.355 0.616291477320826
-0.621394673679947 0.356 0.615577337660811
-0.620668654992623 0.357 0.614860354094625
-0.619939820719932 0.358 0.614140554919608
-0.619208198877415 0.359 0.613417968151535
-0.618473817201856 0.36 0.612692621527422
-0.617736703154052 0.361 0.611964542508294
-0.616996883921561 0.362 0.611233758281936
-0.616254386421421 0.363 0.61050029576561
-0.615509237302841 0.364 0.609764181608746
-0.614761462949863 0.365 0.609025442195608
-0.614011089484008 0.366 0.608284103647933
-0.61325814276688 0.367 0.607540191827542
-0.612502648402758 0.368 0.606793732338925
-0.611744631741152 0.369 0.606044750531806
-0.610984117879342 0.37 0.605293271503673
-0.610221131664885 0.371 0.604539320102289
-0.6094556976981 0.372 0.603782920928181
-0.608687840334531 0.373 0.603024098337092
-0.607917583687379 0.374 0.602262876442426
-0.607144951629913 0.375 0.601499279117652
-0.606369967797862 0.376 0.600733329998694
-0.605592655591773 0.377 0.599965052486295
-0.604813038179355 0.378 0.599194469748357
-0.604031138497795 0.379 0.598421604722258
-0.60324697925605 0.38 0.597646480117144
-0.602460582937119 0.381 0.596869118416202
-0.601671971800293 0.382 0.596089541878908
-0.600881167883377 0.383 0.595307772543251
-0.600088193004898 0.384 0.594523832227939
-0.599293068766284 0.385 0.593737742534581
-0.598495816554027 0.386 0.592949524849847
-0.597696457541817 0.387 0.592159200347603
-0.596895012692665 0.388 0.591366789991035
-0.596091502760994 0.389 0.59057231453474
-0.59528594829472 0.39 0.589775794526803
-0.594478369637301 0.391 0.588977250310853
-0.593668786929776 0.392 0.588176702028097
-0.592857220112777 0.393 0.587374169619331
-0.592043688928522 0.394 0.586569672826941
-0.591228212922793 0.395 0.585763231196869
-0.590410811446887 0.396 0.584954864080574
-0.589591503659551 0.397 0.584144590636964
-0.588770308528901 0.398 0.583332429834313
-0.587947244834318 0.399 0.582518400452156
-0.587122331168323 0.4 0.581702521083171
-0.586295585938439 0.401 0.580884810135034
-0.585467027369031 0.402 0.580065285832262
-0.584636673503129 0.403 0.579243966218035
-0.583804542204232 0.404 0.578420869156001
-0.582970651158094 0.405 0.57759601233206
-0.582135017874491 0.406 0.576769413256137
-0.581297659688977 0.407 0.575941089263929
-0.580458593764612 0.408 0.575111057518638
-0.579617837093682 0.409 0.574279335012692
-0.578775406499396 0.41 0.573445938569441
-0.57793131863757 0.411 0.57261088484484
-0.577085589998291 0.412 0.571774190329112
-0.576238236907568 0.413 0.570935871348403
-0.575389275528963 0.414 0.57009594406641
-0.574538721865208 0.415 0.569254424485997
-0.573686591759804 0.416 0.568411328450798
-0.572832900898608 0.417 0.567566671646801
-0.571977664811399 0.418 0.566720469603915
-0.571120898873434 0.419 0.565872737697523
-0.570262618306982 0.42 0.565023491150022
-0.569402838182848 0.421 0.564172745032343
-0.568541573421879 0.422 0.563320514265458
-0.567678838796461 0.423 0.562466813621873
-0.566814648931988 0.424 0.561611657727107
-0.56594901830833 0.425 0.56075506106115
-0.565081961261281 0.426 0.559897037959915
-0.564213491983991 0.427 0.55903760261667
-0.563343624528386 0.428 0.558176769083459
-0.562472372806572 0.429 0.557314551272503
-0.561599750592229 0.43 0.556450962957597
-0.560725771521985 0.431 0.555586017775482
-0.559850449096781 0.432 0.554719729227214
-0.558973796683222 0.433 0.553852110679507
-0.558095827514915 0.434 0.552983175366079
-0.557216554693787 0.435 0.552112936388967
-0.556335991191401 0.436 0.551241406719841
-0.555454149850251 0.437 0.550368599201301
-0.554571043385043 0.438 0.549494526548162
-0.553686684383973 0.439 0.548619201348722
-0.552801085309982 0.44 0.547742636066027
-0.551914258502 0.441 0.54686484303911
-0.551026216176185 0.442 0.545985834484231
-0.550136970427141 0.443 0.545105622496095
-0.549246533229131 0.444 0.544224219049063
-0.548354916437268 0.445 0.543341635998349
-0.547462131788708 0.446 0.542457885081206
-0.54656819090382 0.447 0.541572977918098
-0.545673105287346 0.448 0.540686926013866
-0.544776886329557 0.449 0.539799740758874
-0.543879545307387 0.45 0.538911433430151
-0.542981093385563 0.451 0.538022015192516
-0.542081541617722 0.452 0.537131497099698
-0.541180900947513 0.453 0.536239890095439
-0.540279182209698 0.454 0.535347205014589
-0.539376396131227 0.455 0.534453452584189
-0.538472553332317 0.456 0.533558643424545
-0.537567664327513 0.457 0.532662788050288
-0.536661739526738 0.458 0.531765896871427
-0.535754789236333 0.459 0.530867980194391
-0.53484682366009 0.46 0.529969048223057
-0.533937852900273 0.461 0.529069111059772
-0.533027886958625 0.462 0.528168178706363
-0.532116935737371 0.463 0.527266261065137
-0.531205009040207 0.464 0.526363367939872
-0.53029211657328 0.465 0.525459509036796
-0.52937826794616 0.466 0.524554693965559
-0.5284634726728 0.467 0.523648932240193
-0.527547740172488 0.468 0.522742233280064
-0.526631079770786 0.469 0.521834606410814
-0.525713500700469 0.47 0.520926060865293
-0.524795012102442 0.471 0.520016605784482
-0.523875623026656 0.472 0.519106250218408
-0.522955342433016 0.473 0.518195003127051
-0.522034179192272 0.474 0.517282873381234
-0.521112142086909 0.475 0.516369869763517
-0.520189239812026 0.476 0.515456000969069
-0.519265480976203 0.477 0.514541275606543
-0.518340874102364 0.478 0.513625702198935
-0.517415427628629 0.479 0.512709289184433
-0.516489149909155 0.48 0.511792044917266
-0.515562049214976 0.481 0.510873977668536
-0.514634133734828 0.482 0.509955095627046
-0.513705411575966 0.483 0.50903540690012
-0.512775890764977 0.484 0.508114919514412
-0.511845579248583 0.485 0.507193641416709
-0.510914484894434 0.486 0.506271580474728
-0.509982615491896 0.487 0.505348744477899
-0.509049978752829 0.488 0.504425141138146
-0.50811658231236 0.489 0.503500778090661
-0.507182433729643 0.49 0.502575662894659
-0.506247540488619 0.491 0.501649803034145
-0.505311909998762 0.492 0.500723205918655
-0.50437554959582 0.493 0.499795878883997
-0.50343846654255 0.494 0.498867829192988
-0.502500668029443 0.495 0.49793906403618
-0.501562161175443 0.496 0.497009590532577
-0.50062295302866 0.497 0.496079415730346
-0.499683050567073 0.498 0.495148546607525
-0.498742460699231 0.499 0.494216990072721
-0.49780119026494 0.5 0.493284752965796
-0.496859246035948 0.501 0.492351842058556
-0.495916634716626 0.502 0.491418264055426
-0.494973362944634 0.503 0.490484025594122
-0.494029437291584 0.504 0.489549133246311
-0.493084864263702 0.505 0.488613593518274
-0.492139650302476 0.506 0.487677412851551
-0.491193801785298 0.507 0.486740597623589
-0.490247325026107 0.508 0.485803154148377
-0.489300226276013 0.509 0.48486508867708
-0.488352511723931 0.51 0.483926407398663
-0.487404187497193 0.511 0.482987116440509
-0.486455259662162 0.512 0.482047221869032
-0.485505734224842 0.513 0.481106729690286
-0.484555617131474 0.514 0.480165645850562
-0.483604914269135 0.515 0.479223976236986
-0.482653631466323 0.516 0.478281726678103
-0.481701774493543 0.517 0.477338902944468
-0.480749349063881 0.518 0.476395510749213
-0.479796360833577 0.519 0.475451555748627
-0.478842815402592 0.52 0.474507043542716
-0.477888718315164 0.521 0.473561979675765
-0.476934075060368 0.522 0.472616369636895
-0.47597889107266 0.523 0.471670218860606
-0.475023171732421 0.524 0.470723532727325
-0.474066922366498 0.525 0.469776316563944
-0.473110148248736 0.526 0.46882857564435
-0.472152854600501 0.527 0.467880315189954
-0.47119504659121 0.528 0.466931540370215
-0.470236729338839 0.529 0.465982256303153
-0.469277907910442 0.53 0.465032468055864
-0.468318587322654 0.531 0.464082180645024
-0.467358772542195 0.532 0.463131399037394
-0.466398468486363 0.533 0.462180128150314
-0.46543768002353 0.534 0.461228372852197
-0.464476411973626 0.535 0.460276137963011
-0.463514669108622 0.536 0.459323428254769
-0.462552456153007 0.537 0.458370248451999
-0.461589777784262 0.538 0.457416603232219
-0.460626638633323 0.539 0.456462497226407
-0.459663043285051 0.54 0.455507935019459
-0.458698996278684 0.541 0.454552921150653
-0.457734502108297 0.542 0.4535974601141
-0.456769565223244 0.543 0.452641556359192
-0.455804190028612 0.544 0.451685214291052
-0.454838380885652 0.545 0.450728438270968
-0.453872142112223 0.546 0.449771232616835
-0.45290547798322 0.547 0.448813601603583
-0.451938392731001 0.548 0.447855549463606
-0.450970890545812 0.549 0.446897080387184
-0.450002975576206 0.55 0.445938198522905
-0.449034651929456 0.551 0.444978907978077
-0.448065923671968 0.552 0.444019212819138
-0.447096794829685 0.553 0.443059117072068
-0.446127269388494 0.554 0.442098624722783
-0.445157351294618 0.555 0.441137739717542
-0.444187044455018 0.556 0.440176465963337
-0.443216352737779 0.557 0.439214807328286
-0.442245279972496 0.558 0.438252767642015
-0.441273829950662 0.559 0.437290350696049
-0.440302006426041 0.56 0.436327560244184
-0.439329813115048 0.561 0.435364400002866
-0.438357253697119 0.562 0.434400873651561
-0.43738433181508 0.563 0.433436984833124
-0.436411051075508 0.564 0.432472737154165
-0.435437415049095 0.565 0.431508134185404
-0.434463427271005 0.566 0.430543179462034
-0.433489091241225 0.567 0.429577876484072
-0.432514410424918 0.568 0.42861222871671
-0.431539388252766 0.569 0.427646239590658
-0.430564028121317 0.57 0.426679912502493
-0.429588333393322 0.571 0.425713250814994
-0.428612307398073 0.572 0.424746257857481
-0.427635953431733 0.573 0.423778936926143
-0.426659274757671 0.574 0.422811291284377
-0.425682274606781 0.575 0.421843324163104
-0.424704956177811 0.576 0.420875038761099
-0.423727322637681 0.577 0.419906438245308
-0.4227493771218 0.578 0.418937525751166
-0.421771122734378 0.579 0.417968304382909
-0.420792562548738 0.58 0.416998777213887
-0.419813699607624 0.581 0.416028947286866
-0.418834536923503 0.582 0.415058817614341
-0.417855077478867 0.583 0.414088391178828
-0.416875324226533 0.584 0.413117670933169
-0.415895280089937 0.585 0.412146659800823
-0.414914947963425 0.586 0.411175360676161
-0.413934330712545 0.587 0.410203776424755
-0.412953431174331 0.588 0.409231909883664
-0.411972252157589 0.589 0.408259763861715
-0.410990796443178 0.59 0.407287341139792
-0.410009066784285 0.591 0.406314644471103
-0.409027065906703 0.592 0.405341676581466
-0.408044796509104 0.593 0.404368440169573
-0.407062261263306 0.594 0.403394937907266
-0.406079462814542 0.595 0.4024211724398
-0.405096403781727 0.596 0.401447146386111
-0.404113086757714 0.597 0.400472862339075
-0.40312951430956 0.598 0.399498322865769
-0.402145688978776 0.599 0.398523530507726
-0.401161613281587 0.6 0.397548487781191
-0.400177289709181 0.601 0.396573197177373
-0.399192720727957 0.602 0.395597661162692
-0.398207908779773 0.603 0.394621882179027
-0.397222856282191 0.604 0.39364586264396
-0.396237565628718 0.605 0.392669604951016
-0.395252039189044 0.606 0.391693111469907
-0.394266279309281 0.607 0.390716384546764
-0.393280288312198 0.608 0.389739426504373
-0.392294068497449 0.609 0.388762239642411
-0.391307622141808 0.61 0.387784826237669
-0.390320951499396 0.611 0.386807188544287
-0.389334058801902 0.612 0.385829328793972
-0.388346946258812 0.613 0.384851249196229
-0.387359616057626 0.614 0.383872951938577
-0.386372070364078 0.615 0.382894439186766
-0.385384311322353 0.616 0.381915713085001
-0.384396341055301 0.617 0.380936775756148
-0.383408161664649 0.618 0.379957629301953
-0.382419775231212 0.619 0.378978275803247
-0.381431183815099 0.62 0.377998717320157
-0.380442389455923 0.621 0.377018955892312
-0.379453394173 0.622 0.376038993539047
-0.378464199965555 0.623 0.375058832259602
-0.377474808812921 0.624 0.374078474033327
-0.376485222674734 0.625 0.373097920819874
-0.375495443491134 0.626 0.372117174559399
-0.374505473182954 0.627 0.371136237172751
-0.373515313651916 0.628 0.370155110561668
-0.372524966780818 0.629 0.369173796608965
-0.371534434433726 0.63 0.368192297178721
-0.370543718456156 0.631 0.36721061411647
-0.369552820675262 0.632 0.366228749249379
-0.368561742900017 0.633 0.365246704386438
-0.367570486921396 0.634 0.364264481318635
-0.36657905451255 0.635 0.363282081819138
-0.365587447428992 0.636 0.362299507643472
-0.364595667408762 0.637 0.361316760529693
-0.363603716172609 0.638 0.360333842198565
-0.362611595424161 0.639 0.359350754353729
-0.361619306850092 0.64 0.358367498681874
-0.360626852120297 0.641 0.357384076852907
-0.359634232888051 0.642 0.356400490520119
-0.358641450790181 0.643 0.355416741320351
-0.357648507447228 0.644 0.354432830874155
-0.356655404463608 0.645 0.353448760785961
-0.35566214342777 0.646 0.352464532644232
-0.354668725912361 0.647 0.351480148021629
-0.353675153474379 0.648 0.350495608475162
-0.352681427655329 0.649 0.349510915546348
-0.351687549981378 0.65 0.348526070761368
-0.350693521963508 0.651 0.347541075631216
-0.349699345097666 0.652 0.346555931651851
-0.348705020864913 0.653 0.345570640304348
-0.347710550731576 0.654 0.344585203055044
-0.346715936149389 0.655 0.343599621355687
-0.345721178555641 0.656 0.342613896643577
-0.344726279373323 0.657 0.341628030341717
-0.343731240011264 0.658 0.340642023858948
-0.342736061864275 0.659 0.339655878590092
-0.341740746313289 0.66 0.338669595916095
-0.3407452947255 0.661 0.337683177204161
-0.339749708454496 0.662 0.336696623807889
-0.338753988840398 0.663 0.335709937067412
-0.337758137209991 0.664 0.334723118309526
-0.336762154876859 0.665 0.333736168847826
-0.335766043141517 0.666 0.332749089982838
-0.334769803291538 0.667 0.331761883002144
-0.333773436601684 0.668 0.330774549180519
-0.332776944334032 0.669 0.32978708978005
-0.331780327738103 0.67 0.328799506050267
-0.330783588050984 0.671 0.327811799228269
-0.329786726497452 0.672 0.326823970538842
-0.328789744290099 0.673 0.325836021194589
-0.327792642629451 0.674 0.324847952396044
-0.326795422704086 0.675 0.323859765331798
-0.325798085690759 0.676 0.322871461178615
-0.324800632754516 0.677 0.321883041101548
-0.323803065048807 0.678 0.320894506254059
-0.322805383715608 0.679 0.319905857778134
-0.321807589885532 0.68 0.318917096804394
-0.320809684677941 0.681 0.31792822445221
-0.31981166920106 0.682 0.316939241829818
-0.318813544552086 0.683 0.315950150034424
-0.317815311817301 0.684 0.314960950152318
-0.316816972072177 0.685 0.31397164325898
-0.315818526381482 0.686 0.312982230419189
-0.314819975799395 0.687 0.311992712687131
-0.313821321369601 0.688 0.311003091106502
-0.312822564125403 0.689 0.310013366710611
-0.31182370508982 0.69 0.309023540522488
-0.310824745275695 0.691 0.308033613554982
-0.30982568568579 0.692 0.307043586810864
-0.308826527312891 0.693 0.30605346128293
-0.307827271139905 0.694 0.305063237954094
-0.306827918139959 0.695 0.304072917797491
-0.305828469276498 0.696 0.303082501776574
-0.30482892550338 0.697 0.302091990845208
-0.303829287764971 0.698 0.301101385947769
-0.302829556996241 0.699 0.300110688019235
-0.301829734122859 0.7 0.299119897985279
-0.30082982006128 0.701 0.298129016762367
-0.299829815718842 0.702 0.297138045257844
-0.298829721993854 0.703 0.296146984370027
-0.297829539775689 0.704 0.295155834988295
-0.296829269944868 0.705 0.294164597993176
-0.29582891337315 0.706 0.293173274256438
-0.294828470923624 0.707 0.292181864641175
-0.293827943450786 0.708 0.291190370001893
-0.292827331800634 0.709 0.290198791184595
-0.291826636810745 0.71 0.289207129026866
-0.290825859310364 0.711 0.288215384357956
-0.289825000120483 0.712 0.287223557998867
-0.288824060053927 0.713 0.286231650762428
-0.287823039915433 0.714 0.285239663453384
-0.286821940501729 0.715 0.284247596868469
-0.285820762601617 0.716 0.283255451796492
-0.284819506996049 0.717 0.282263229018413
-0.283818174458209 0.718 0.281270929307419
-0.282816765753584 0.719 0.280278553429006
-0.281815281640047 0.72 0.279286102141052
-0.280813722867929 0.721 0.278293576193896
-0.279812090180096 0.722 0.277300976330408
-0.278810384312021 0.723 0.276308303286068
-0.27780860599186 0.724 0.275315557789039
-0.276806755940522 0.725 0.274322740560235
-0.275804834871746 0.726 0.273329852313401
-0.274802843492166 0.727 0.272336893755177
-0.273800782501387 0.728 0.271343865585174
-0.272798652592051 0.729 0.270350768496041
-0.27179645444991 0.73 0.269357603173533
-0.270794188753892 0.731 0.268364370296585
-0.269791856176168 0.732 0.267371070537374
-0.268789457382223 0.733 0.26637770456139
-0.26778699303092 0.734 0.265384273027502
-0.266784463774565 0.735 0.26439077658802
-0.265781870258973 0.736 0.263397215888767
-0.264779213123535 0.737 0.262403591569137
-0.26377649300128 0.738 0.261409904262165
-0.262773710518936 0.739 0.260416154594585
-0.261770866296997 0.74 0.259422343186895
-0.260767960949781 0.741 0.258428470653419
-0.259764995085496 0.742 0.257434537602369
-0.258761969306297 0.743 0.256440544635906
-0.257758884208346 0.744 0.255446492350197
-0.256755740381875 0.745 0.254452381335479
-0.255752538411244 0.746 0.253458212176116
-0.254749278874995 0.747 0.252463985450655
-0.253745962345916 0.748 0.25146970173189
-0.252742589391096 0.749 0.250475361586913
-0.25173916057198 0.75 0.249480965577174
-0.250735676444427 0.751 0.248486514258537
-0.249732137558764 0.752 0.247492008181336
-0.248728544459846 0.753 0.246497447890426
-0.247724897687101 0.754 0.245502833925243
-0.246721197774595 0.755 0.244508166819855
-0.245717445251076 0.756 0.243513447103015
-0.244713640640032 0.757 0.242518675298218
-0.243709784459743 0.758 0.241523851923746
-0.242705877223332 0.759 0.240528977492726
-0.241701919438816 0.76 0.239534052513179
-0.240697911609157 0.761 0.238539077488072
-0.239693854232311 0.762 0.237544052915366
-0.238689747801283 0.763 0.236548979288068
-0.237685592804169 0.764 0.23555385709428
-0.236681389724209 0.765 0.234558686817246
-0.235677139039837 0.766 0.233563468935402
-0.234672841224723 0.767 0.232568203922425
-0.233668496747827 0.768 0.231572892247276
-0.232664106073441 0.769 0.230577534374252
-0.231659669661238 0.77 0.22958213076303
-0.230655187966317 0.771 0.228586681868713
-0.229650661439248 0.772 0.227591188141874
-0.228646090526118 0.773 0.226595650028605
-0.227641475668577 0.774 0.225600067970557
-0.226636817303879 0.775 0.22460444240499
-0.225632115864926 0.776 0.22360877376481
-0.224627371780315 0.777 0.222613062478616
-0.223622585474378 0.778 0.221617308970744
-0.222617757367223 0.779 0.220621513661306
-0.22161288787478 0.78 0.219625676966235
-0.220607977408838 0.781 0.218629799297324
-0.219603026377092 0.782 0.217633881062271
-0.218598035183178 0.783 0.216637922664715
-0.217593004226716 0.784 0.215641924504279
-0.216587933903349 0.785 0.214645886976611
-0.215582824604786 0.786 0.213649810473421
-0.214577676718836 0.787 0.212653695382523
-0.213572490629449 0.788 0.21165754208787
-0.212567266716757 0.789 0.210661350969597
-0.211562005357107 0.79 0.209665122404053
-0.210556706923103 0.791 0.208668856763847
-0.209551371783641 0.792 0.207672554417877
-0.208546000303947 0.793 0.206676215731371
-0.207540592845611 0.794 0.205679841065924
-0.206535149766627 0.795 0.204683430779533
-0.205529671421427 0.796 0.203686985226631
-0.204524158160915 0.797 0.202690504758127
-0.203518610332505 0.798 0.201693989721435
-0.202513028280152 0.799 0.200697440460517
-0.201507412344391 0.8 0.199700857315907
-0.200501762862367 0.801 0.198704240624756
-0.199496080167871 0.802 0.197707590720855
-0.198490364591373 0.803 0.196710907934679
-0.197484616460054 0.804 0.19571419259341
-0.19647883609784 0.805 0.194717445020978
-0.195473023825434 0.806 0.193720665538087
-0.194467179960347 0.807 0.192723854462253
-0.193461304816932 0.808 0.191727012107829
-0.192455398706414 0.809 0.190730138786045
-0.191449461936919 0.81 0.189733234805029
-0.190443494813511 0.811 0.188736300469846
-0.189437497638216 0.812 0.187739336082526
-0.188431470710055 0.813 0.186742341942091
-0.187425414325074 0.814 0.185745318344591
-0.186419328776372 0.815 0.184748265583128
-0.185413214354135 0.816 0.183751183947889
-0.184407071345659 0.817 0.182754073726172
-0.18340090003538 0.818 0.181756935202417
-0.182394700704908 0.819 0.180759768658235
-0.181388473633047 0.82 0.179762574372433
-0.180382219095829 0.821 0.178765352621045
-0.17937593736654 0.822 0.177768103677359
-0.178369628715743 0.823 0.176770827811942
-0.177363293411314 0.824 0.175773525292669
-0.176356931718459 0.825 0.174776196384752
-0.175350543899749 0.826 0.173778841350762
-0.17434413021514 0.827 0.172781460450656
-0.173337690922002 0.828 0.171784053941809
-0.172331226275143 0.829 0.170786622079029
-0.171324736526838 0.83 0.169789165114595
-0.170318221926851 0.831 0.16879168329827
-0.169311682722459 0.832 0.167794176877337
-0.168305119158481 0.833 0.166796646096614
-0.167298531477299 0.834 0.165799091198485
-0.166291919918882 0.835 0.164801512422923
-0.165285284720813 0.836 0.163803910007512
-0.164278626118311 0.837 0.162806284187473
-0.163271944344253 0.838 0.161808635195685
-0.162265239629201 0.839 0.160810963262712
-0.161258512201422 0.84 0.159813268616822
-0.160251762286909 0.841 0.158815551484011
-0.159244990109411 0.842 0.15781781208803
-0.158238195890448 0.843 0.156820050650399
-0.157231379849336 0.844 0.155822267390438
-0.156224542203208 0.845 0.154824462525282
-0.15521768316704 0.846 0.153826636269906
-0.154210802953664 0.847 0.152828788837146
-0.153203901773797 0.848 0.151830920437721
-0.152196979836061 0.849 0.150833031280253
-0.151190037346998 0.85 0.149835121571288
-0.150183074511099 0.851 0.148837191515316
-0.149176091530817 0.852 0.147839241314794
-0.148169088606593 0.853 0.146841271170163
-0.147162065936871 0.854 0.14584328127987
-0.146155023718124 0.855 0.144845271840389
-0.145147962144866 0.856 0.143847243046236
-0.144140881409679 0.857 0.142849195089995
-0.143133781703228 0.858 0.14185112816233
-0.142126663214278 0.859 0.140853042452011
-0.14111952612972 0.86 0.139854938145928
-0.140112370634582 0.861 0.138856815429113
-0.139105196912054 0.862 0.137858674484754
-0.1380980051435 0.863 0.13686051549422
-0.137090795508481 0.864 0.135862338637072
-0.136083568184772 0.865 0.134864144091087
-0.135076323348378 0.866 0.133865932032271
-0.134069061173554 0.867 0.13286770263488
-0.133061781832819 0.868 0.131869456071435
-0.132054485496977 0.869 0.130871192512742
-0.131047172335133 0.87 0.129872912127906
-0.130039842514708 0.871 0.12887461508435
-0.129032496201457 0.872 0.127876301547831
-0.128025133559487 0.873 0.126877971682457
-0.127017754751272 0.874 0.125879625650703
-0.126010359937668 0.875 0.124881263613426
-0.125002949277931 0.876 0.123882885729885
-0.123995522929733 0.877 0.122884492157753
-0.122988081049178 0.878 0.121886083053133
-0.121980623790814 0.879 0.120887658570576
-0.120973151307653 0.88 0.119889218863095
-0.119965663751184 0.881 0.118890764082182
-0.11895816127139 0.882 0.117892294377818
-0.11795064401676 0.883 0.116893809898496
-0.116943112134306 0.884 0.115895310791227
-0.115935565769577 0.885 0.114896797201564
-0.114928005066675 0.886 0.113898269273606
-0.113920430168266 0.887 0.112899727150025
-0.112912841215599 0.888 0.111901170972067
-0.111905238348514 0.889 0.110902600879577
-0.110897621705465 0.89 0.109904017011007
-0.109889991423522 0.891 0.10890541950343
-0.108882347638396 0.892 0.107906808492557
-0.107874690484446 0.893 0.106908184112748
-0.106867020094693 0.894 0.105909546497026
-0.105859336600836 0.895 0.104910895777092
-0.104851640133263 0.896 0.103912232083333
-0.103843930821065 0.897 0.102913555544841
-0.102836208792047 0.898 0.101914866289425
-0.101828474172745 0.899 0.100916164443619
-0.100820727088434 0.9 0.0999174501326996
-0.0998129676631416 0.901 0.0989187234806969
-0.098805196019664 0.902 0.0979199846104069
-0.0977974122795738 0.903 0.0969212336434035
-0.0967896165632342 0.904 0.0959224707000509
-0.095781808989811 0.905 0.0949236958995159
-0.0947739896772841 0.906 0.0939249093597794
-0.0937661587424596 0.907 0.0929261111976483
-0.0927583163009812 0.908 0.0919273015287675
-0.0917504624673421 0.909 0.090928480467631
-0.0907425973548961 0.91 0.0899296481275937
-0.0897347210758693 0.911 0.0889308046208825
-0.088726833741371 0.912 0.0879319500586076
-0.0877189354614049 0.913 0.0869330845507739
-0.0867110263448803 0.914 0.0859342082062912
-0.0857031064996228 0.915 0.0849353211329862
-0.084695176032385 0.916 0.0839364234376124
-0.0836872350488574 0.917 0.0829375152258612
-0.0826792836536788 0.918 0.0819385966023722
-0.0816713219504469 0.919 0.0809396676707441
-0.0806633500417285 0.92 0.0799407285335443
-0.07965536802907 0.921 0.0789417792923203
-0.0786473760130071 0.922 0.0779428200476085
-0.0776393740930755 0.923 0.0769438508989455
-0.0766313623678202 0.924 0.0759448719448771
-0.075623340934806 0.925 0.0749458832829689
-0.0746153098906265 0.926 0.0739468850098152
-0.0736072693309145 0.927 0.0729478772210499
-0.0725992193503511 0.928 0.0719488600113545
-0.0715911600426754 0.929 0.0709498334744692
-0.0705830915006936 0.93 0.0699507977032008
-0.0695750138162887 0.931 0.0689517527894332
-0.0685669270804293 0.932 0.0679526988241357
-0.0675588313831789 0.933 0.0669536358973723
-0.0665507268137047 0.934 0.0659545640983113
-0.0655426134602869 0.935 0.0649554835152335
-0.0645344914103272 0.936 0.0639563942355413
-0.0635263607503577 0.937 0.0629572963457675
-0.0625182215660493 0.938 0.0619581899315839
-0.0615100739422207 0.939 0.0609590750778095
-0.0605019179628464 0.94 0.0599599518684201
-0.0594937537110656 0.941 0.058960820386555
-0.05848558126919 0.942 0.0579616807145271
-0.0574774007187125 0.943 0.0569625329338295
-0.056469212140315 0.944 0.0559633771251452
-0.0554610156138767 0.945 0.0549642133683537
-0.0544528112184818 0.946 0.0539650417425401
-0.0534445990324278 0.947 0.0529658623260025
-0.052436379133233 0.948 0.0519666751962599
-0.0514281515976446 0.949 0.0509674804300599
-0.0504199165016458 0.95 0.0499682781033866
-0.049411673920464 0.951 0.0489690682914679
-0.0484034239285781 0.952 0.0479698510687833
-0.0473951665997257 0.953 0.0469706265090711
-0.0463869020069109 0.954 0.045971394685336
-0.0453786302224114 0.955 0.0449721556698563
-0.0443703513177855 0.956 0.0439729095341907
-0.0433620653638798 0.957 0.0429736563491867
-0.0423537724308357 0.958 0.0419743961849861
-0.0413454725880969 0.959 0.0409751291110332
-0.0403371659044159 0.96 0.0399758551960812
-0.0393288524478612 0.961 0.038976574508199
-0.0383205322858241 0.962 0.0379772871147785
-0.0373122054850253 0.963 0.0369779930825409
-0.0363038721115214 0.964 0.0359786924775435
-0.0352955322307121 0.965 0.0349793853651865
-0.0342871859073461 0.966 0.033980071810219
-0.0332788332055279 0.967 0.0329807518767463
-0.0322704741887242 0.968 0.0319814256282353
-0.03126210891977 0.969 0.0309820931275219
-0.0302537374608755 0.97 0.0299827544368164
-0.0292453598736314 0.971 0.0289834096177104
-0.0282369762190159 0.972 0.0279840587311824
-0.0272285865574004 0.973 0.0269847018376043
-0.0262201909485554 0.974 0.0259853389967472
-0.025211789451657 0.975 0.0249859702677876
-0.0242033821252922 0.976 0.0239865957093129
-0.0231949690274652 0.977 0.0229872153793281
-0.022186550215603 0.978 0.0219878293352605
-0.0211781257465612 0.979 0.0209884376339659
-0.0201696956766297 0.98 0.0199890403317351
-0.0191612600615382 0.981 0.0189896374842981
-0.018152818956462 0.982 0.0179902291468307
-0.0171443724160275 0.983 0.0169908153739595
-0.0161359204943172 0.984 0.0159913962197678
-0.0151274632448758 0.985 0.0149919717378005
-0.0141190007207151 0.986 0.0139925419810701
-0.0131105329743194 0.987 0.0129931070020611
-0.0121020600576509 0.988 0.0119936668527363
-0.0110935820221546 0.989 0.0109942215845408
-0.0100850989187637 0.99 0.00999477124840872
-0.00907661079790455 0.991 0.00899531589476647
-0.00806811770950186 0.992 0.00799585557353937
-0.0070596197029835 0.993 0.00699639033415549
-0.00605111682728553 0.994 0.00599692022555154
-0.0050426091308571 0.995 0.00499744529617684
-0.00403409666166527 0.996 0.00399796559399908
-0.00302557946719984 0.997 0.00299848116650823
-0.00201705759447806 0.998 0.00199899206072216
-0.00100853109004936 0.999 0.000999498323190469
