0 0 0
0.178301192548958 0.01 0.0851630359633381
0.253403414643077 0.02 0.161270154920613
0.320318329206416 0.03 0.229183141316175
0.379825061562938 0.04 0.289681769961551
0.432628593459104 0.05 0.343471610283855
0.479366818758144 0.06 0.391191087901759
0.520616927696243 0.07 0.433417874203674
0.556901183596428 0.08 0.470674667877159
0.588692149855441 0.09 0.503434426253079
0.616417419517048 0.1 0.532125098821534
0.640463894766941 0.11 0.557133910294194
0.661181659179852 0.12 0.578811236079369
0.678887481473642 0.13 0.597474108956856
0.693867985837091 0.14 0.61340939204856
0.706382520561125 0.15 0.626876649841035
0.716665753683674 0.16 0.638110745994107
0.724930021626277 0.17 0.647324193935325
0.731367454328352 0.18 0.654709283765771
0.736151898148211 0.19 0.66044000676402
0.739440655775845 0.2 0.66467379674934
0.741376060571112 0.21 0.667553105732268
0.742086901083849 0.22 0.669206829622214
0.741689710012964 0.23 0.669751598261042
0.74028993050485 0.24 0.66929294269373
0.737982971463842 0.25 0.667926351358542
0.734855162436594 0.26 0.665738225767404
0.730984617627204 0.27 0.662806745241286
0.726442017690416 0.28 0.659202649355116
0.721291317127376 0.29 0.654989945923224
0.715590384363772 0.3 0.650226551611065
0.70939158091649 0.31 0.644964871584669
0.702742285445271 0.32 0.639252323999158
0.69568536793427 0.33 0.633131814575582
0.688259618749255 0.34 0.626642166015793
0.680500136864638 0.35 0.619818506553098
0.672438681145797 0.36 0.612692621527422
0.664103988202484 0.37 0.605293271503673
0.655522059994467 0.38 0.597646480117144
0.646716424067888 0.39 0.589775794526803
0.637708369026851 0.4 0.581702521083171
0.628517157596928 0.41 0.573445938569441
0.619160219412986 0.42 0.565023491150022
0.60965332546084 0.43 0.556450962957597
0.600010745918572 0.44 0.547742636066027
0.590245392977273 0.45 0.538911433430151
0.580368950070591 0.46 0.529969048223057
0.570391988806463 0.47 0.520926060865293
0.560324074771319 0.48 0.511792044917266
0.550173863265684 0.49 0.502575662894659
0.539949185929339 0.5 0.493284752965796
0.529657129123004 0.51 0.483926407398663
0.519304104851014 0.52 0.474507043542716
0.508895914934816 0.53 0.465032468055864
0.498437809079549 0.54 0.455507935019459
0.487934537414856 0.55 0.445938198522905
0.477390398035779 0.56 0.436327560244184
0.466809280019536 0.57 0.426679912502493
0.456194702348719 0.58 0.416998777213887
0.445549849130448 0.59 0.407287341139792
0.434877601463989 0.6 0.397548487781191
0.424180566275763 0.61 0.387784826237669
0.413461102410343 0.62 0.377998717320157
0.40272134423856 0.63 0.368192297178721
0.391963223019006 0.64 0.358367498681874
0.381188486226721 0.65 0.348526070761368
0.370398715042506 0.66 0.338669595916095
0.359595340177915 0.67 0.328799506050267
0.348779656194298 0.68 0.318917096804394
0.337952834459202 0.69 0.309023540522488
0.327115934869816 0.7 0.299119897985279
0.316269916460774 0.71 0.289207129026866
0.3054156470025 0.72 0.279286102141052
0.294553911686141 0.73 0.269357603173533
0.283685420982031 0.74 0.259422343186895
0.27281081775031 0.75 0.249480965577174
0.261930683674887 0.76 0.239534052513179
0.25104554508513 0.77 0.22958213076303
0.240155878223544 0.78 0.219625676966235
0.229262114012168 0.79 0.209665122404053
0.218364642365387 0.8 0.199700857315907
0.207463816092327 0.81 0.189733234805029
0.196559954427887 0.82 0.179762574372433
0.185653346227747 0.83 0.169789165114595
0.174744252859336 0.84 0.159813268616822
0.163832910817683 0.85 0.149835121571288
0.15291953409234 0.86 0.139854938145928
0.14200431630906 0.87 0.129872912127906
0.131087432667671 0.88 0.119889218863095
0.12016904169553 0.89 0.109904017011007
0.109249286834125 0.9 0.0999174501326996
0.0983282978746786 0.91 0.0899296481275937
0.0874061922571475 0.92 0.0799407285335443
0.076483076245598 0.93 0.0699507977032008
0.0655590459917337 0.94 0.0599599518684201
0.0546341884972139 0.95 0.0499682781033866
0.0437085824843952 0.96 0.0399758551960812
0.0327822991842116 0.97 0.0299827544368164
0.0218554030490775 0.98 0.0199890403317351
0.010927952397949 0.99 0.00999477124840872
