0 0.000998003992015968 0.00893244589717801
0.00883379226800858 0.00199700698702695 0.0177750724576994
0.017569952652955 0.00299600998203793 0.0265198707644991
0.0262094516445931 0.0039950129770489 0.0351678132593135
0.0347532500857216 0.00499401597205988 0.0437198627175205
0.0432022992680785 0.00599301896707086 0.0521769723442264
0.0515575410272805 0.00699202196208184 0.0605400858693975
0.0598199078368205 0.00799102495709282 0.0688101376420451
0.067990322901129 0.0089900279521038 0.0769880527234756
0.0760697002477122 0.00998903094711478 0.0850747469796129
0.0840589448183727 0.0109880339421258 0.093071127172403
0.0919589525595245 0.0119870369371367 0.10097809105031
0.0997706105116093 0.0129860399321477 0.108796527437914
0.107494796897625 0.0139850429271587 0.116527316324615
0.115132381210774 0.0149840459221697 0.12417132895246
0.122684224301238 0.0159830489171807 0.131729427903091
0.130151178462096 0.0169820519121916 0.139202467183835
0.13753408751438 0.0179810549072026 0.146591292312933
0.144833786891292 0.0189800579022136 0.153896740403926
0.152051103721582 0.0199790608972246 0.161119640249199
0.159186856912095 0.0209780638922355 0.168260812402695
0.166241857229502 0.0219770668872465 0.175321069261808
0.173216907381211 0.0229760698822575 0.182301215148465
0.180112802095483 0.0239750728772685 0.189202046389392
0.186930328200746 0.0249740758722795 0.196024351395594
0.19367026470412 0.0259730788672904 0.202768910741038
0.200333382869164 0.0269720818623014 0.209436497240553
0.206920446292849 0.0279710848573124 0.216027876026962
0.213432210981768 0.0289700878523234 0.222543804627443
0.219869425427584 0.0299690908473344 0.228985033039129
0.226232830681733 0.0309680938423453 0.235352303803957
0.23252316042938 0.0319670968373563 0.241646352082784
0.238741141062643 0.0329660998323673 0.247867905728745
0.244887491753086 0.0339651028273783 0.254017685359903
0.250962924523499 0.0349641058223892 0.260096404431164
0.256968144318953 0.0359631088174002 0.266104769305482
0.262903849077155 0.0369621118124112 0.272043479324354
0.268770729798109 0.0379611148074222 0.277913226877616
0.274569470613071 0.0389601178024332 0.283714697472544
0.280300748852833 0.0399591207974441 0.28944856980227
0.285965235115318 0.0409581237924551 0.295115515813516
0.291563593332508 0.0419571267874661 0.300716200773655
0.297096480836704 0.0429561297824771 0.306251283337105
0.302564548426129 0.0439551327774881 0.311721415611066
0.307968440429883 0.044954135772499 0.317127243220597
0.31330879477224 0.04595313876751 0.322469405373057
0.318586243036322 0.046952141762521 0.327748534921893
0.323801410527127 0.047951144757532 0.332965258429801
0.328954916333935 0.048950147752543 0.338120196231261
0.334047373392098 0.0499491507475539 0.343213962494443
0.339079388544207 0.0509481537425649 0.348247165282505
0.344051562600662 0.0519471567375759 0.353220406614277
0.348964490399628 0.0529461597325869 0.358134282524346
0.353818760866402 0.0539451627275978 0.362989383122536
0.358614957072192 0.0549441657226088 0.367786292652807
0.363353656292303 0.0559431687176198 0.372525589551562
0.368035430063757 0.0569421717126308 0.377207846505374
0.372660844242325 0.0579411747076418 0.381833630508143
0.377230459059007 0.0589401777026527 0.386403502917681
0.38174482917594 0.0599391806976637 0.39091801951174
0.386204503741758 0.0609381836926747 0.395377730543474
0.390610026446393 0.0619371866876857 0.399783180796361
0.394961935575339 0.0629361896826967 0.404134909638568
0.399260764063374 0.0639351926777076 0.408433451076784
0.403507039547745 0.0649341956727186 0.412679333809514
0.407701284420831 0.0659331986677296 0.416873081279844
0.411844015882276 0.0669322016627406 0.421015211727681
0.415935745990606 0.0679312046577516 0.425106238241473
0.419976981714335 0.0689302076527625 0.429146668809419
0.423968224982559 0.0699292106477735 0.433137006370163
0.427909972735052 0.0709282136427845 0.437077748862994
0.431802716971858 0.0719272166377955 0.440969389277534
0.435646944802398 0.0729262196328064 0.444812415702944
0.439443138494079 0.0739252226278174 0.448607311376634
0.443191775520428 0.0749242256228284 0.452354554732492
0.446893328608746 0.0759232286178394 0.456054619448632
0.450548265787281 0.0769222316128504 0.459707974494667
0.454157050431947 0.0779212346078613 0.463315084178513
0.457720141312561 0.0789202376028723 0.466876408192731
0.461237992638633 0.0799192405978833 0.470392401660398
0.464711054104698 0.0809182435928943 0.473863515180536
0.468139770935193 0.0819172465879053 0.47729019487308
0.471524583928892 0.0829162495829162 0.480672882423399
0.474865929502902 0.0839152525779272 0.48401201512638
0.478164239736211 0.0849142555729382 0.48730802593007
0.481419942412818 0.0859132585679492 0.490561343478885
0.48463346106442 0.0869122615629602 0.493772392156386
0.487805215012685 0.0879112645579711 0.496941592127641
0.4909356194111 0.0889102675529821 0.500069359381148
0.494025085286402 0.0899092705479931 0.50315610577036
0.497074019579604 0.0909082735430041 0.506202239054783
0.500082825186602 0.091907276538015 0.509208162940675
0.50305190099839 0.092906279533026 0.512174277121332
0.505981641940865 0.093905282528037 0.515100977316984
0.508872439014248 0.094904285523048 0.517988655314281
0.511724679332099 0.095903288518059 0.520837699005402
0.514538746159956 0.0969022915130699 0.52364849242676
0.517315018953585 0.0979012945080809 0.526421415797334
0.520053873396847 0.0989002975030919 0.529156845556614
0.522755681439198 0.0998993004981029 0.53185515440217
0.525420811332805 0.100898303493114 0.534516711326849
0.528049627669298 0.101897306488125 0.537141881655599
0.530642491416162 0.102896309483136 0.53973102708193
0.533199759952756 0.103895312478147 0.542284505704013
0.535721787105983 0.104894315473158 0.544802672060416
0.538208923185603 0.105893318468169 0.54728587716549
0.540661515019192 0.10689232146318 0.5497344685444
0.543079905986759 0.107891324458191 0.552148790267805
0.545464436055014 0.108890327453202 0.554529182986204
0.547815441811296 0.109889330448213 0.556875983963929
0.550133256497169 0.110888333443224 0.559189527112801
0.552418210041675 0.111887336438235 0.561470143025464
0.554670629094266 0.112886339433246 0.56371815900837
0.556890837057399 0.113885342428257 0.56593389911445
0.559079154118819 0.114884345423268 0.568117684175452
0.561235897283507 0.115883348418279 0.570269831833963
0.563361380405322 0.11688235141329 0.572390656575107
0.565455914218324 0.1178813544083 0.574480469757935
0.567519806367782 0.118880357403311 0.576539579646494
0.569553361440883 0.119879360398322 0.578568291440601
0.571556880997126 0.120878363393333 0.58056690730629
0.57353066359842 0.121877366388344 0.582535726405979
0.57547500483888 0.122876369383355 0.584475044928324
0.577390197374328 0.123875372378366 0.586385156117776
0.579276530951501 0.124874375373377 0.588266350303851
0.581134292436968 0.125873378368388 0.590118914930102
0.582963765845759 0.126872381363399 0.591943134582812
0.584765232369713 0.12787138435841 0.593739291019387
0.586538970405536 0.128870387353421 0.595507663196486
0.588285255582589 0.129869390348432 0.597248527297854
0.590004360790398 0.130868393343443 0.598962156761888
0.591696556205884 0.131867396338454 0.600648822308928
0.593362109320332 0.132866399333465 0.602308791968271
0.595001284966081 0.133865402328476 0.603942331104927
0.596614345342963 0.134864405323487 0.605549702446098
0.598201550044462 0.135863408318498 0.607131166107399
0.599763156083629 0.136862411313509 0.60868697961882
0.601299417918728 0.13786141430852 0.610217397950427
0.602810587478632 0.138860417303531 0.611722673537809
0.604296914187969 0.139859420298542 0.613203056307267
0.605758644992011 0.140858423293553 0.614658793700766
0.607196024381321 0.141857426288564 0.616090130700621
0.608609294416153 0.142856429283575 0.617497309853952
0.609998694750612 0.143855432278586 0.618880571296888
0.61136446265657 0.144854435273597 0.620240152778536
0.612706833047345 0.145853438268608 0.621576289684703
0.61402603850115 0.146852441263619 0.622889215061395
0.6153223092843 0.14785144425863 0.624179159638071
0.616595873374194 0.148850447253641 0.62544635185067
0.617846956482071 0.149849450248652 0.626691017864411
0.619075782075532 0.150848453243663 0.627913381596364
0.620282571400843 0.151847456238674 0.629113664737798
0.621467543505019 0.152846459233685 0.630292086776303
0.622630915257682 0.153845462228696 0.631448865017699
0.623772901372705 0.154844465223707 0.632584214607722
0.624893714429643 0.155843468218718 0.633698348553497
0.625993564894946 0.156842471213729 0.634791477744792
0.627072661142968 0.15784147420874 0.635863810975072
0.628131209476758 0.158840477203751 0.636915554962331
0.629169414148652 0.159839480198762 0.637946914369726
0.630187477380658 0.160838483193773 0.638958091826001
0.631185599384637 0.161837486188784 0.639949287945712
0.632163978382286 0.162836489183795 0.640920701349245
0.633122810624919 0.163835492178806 0.641872528682642
0.634062290413054 0.164834495173817 0.642804964637225
0.634982610115805 0.165833498168827 0.643718201969027
0.635883960190079 0.166832501163838 0.644612431518029
0.636766529199586 0.167831504158849 0.645487842227205
0.637630503833657 0.16883050715386 0.646344621161383
0.638476068925875 0.169829510148871 0.647182953525908
0.639303407472525 0.170828513143882 0.648003022685132
0.640112700650853 0.171827516138893 0.648805010180708
0.640904127837148 0.172826519133904 0.649589095749714
0.64167786662465 0.173825522128915 0.650355457342588
0.642434092841266 0.174824525123926 0.651104271140887
0.643172980567123 0.175823528118937 0.651835711574872
0.643894702151941 0.176822531113948 0.652549951340916
0.644599428232231 0.177821534108959 0.653247161418739
0.645287327748329 0.17882053710397 0.65392751108847
0.645958567961252 0.179819540098981 0.654591167947547
0.646613314469394 0.180818543093992 0.655238297927438
0.647251731225052 0.181817546089003 0.655869065310202
0.647873980550789 0.182816549084014 0.656483632744889
0.648480223155634 0.183815552079025 0.657082161263767
0.649070618151119 0.184814555074036 0.657664810298396
0.649645323067163 0.185813558069047 0.658231737695539
0.650204493867789 0.186812561064058 0.658783099732917
0.650748284966693 0.187811564059069 0.659319051134804
0.651276849242652 0.18881056705408 0.659839745087467
0.651790338054784 0.189809570049091 0.660345333254458
0.652288901257652 0.190808573044102 0.660835965791749
0.65277268721622 0.191807576039113 0.661311791362715
0.653241842820661 0.192806579034124 0.661772957152976
0.653696513501016 0.193805582029135 0.662219608885081
0.654136843241709 0.194804585024146 0.662651890833056
0.654562974595916 0.195803588019157 0.663069945836798
0.654975048699792 0.196802591014168 0.663473915316336
0.655373205286557 0.197801594009179 0.66386393928594
0.655757582700441 0.19880059700419 0.664240156368098
0.656128317910494 0.199799599999201 0.664602703807349
0.656485546524251 0.200798602994212 0.664951717483981
0.656829402801267 0.201797605989223 0.665287331927591
0.657160019666519 0.202796608984234 0.665609680330514
0.657477528723672 0.203795611979245 0.665918894561113
0.657782060268209 0.204794614974256 0.666215105176938
0.658073743300438 0.205793617969267 0.666498441437762
0.658352705538366 0.206792620964278 0.666769031318476
0.658619073430447 0.207791623959289 0.667027001521863
0.658872972168197 0.2087906269543 0.667272477491243
0.659114525698693 0.209789629949311 0.667505583422992
0.659343856736943 0.210788632944322 0.667726442278938
0.659561086778127 0.211787635939333 0.667935175798631
0.659766336109733 0.212786638934343 0.668131904511495
0.659959723823551 0.213785641929354 0.668316747748857
0.660141367827565 0.214784644924365 0.668489823655851
0.66031138485772 0.215783647919376 0.668651249203219
0.66046989048957 0.216782650914387 0.668801140198976
0.660616999149813 0.217781653909398 0.66893961129997
0.660752824127715 0.218780656904409 0.669066776023331
0.66087747758641 0.21977965989942 0.66918274675779
0.660991070574098 0.220778662894431 0.669287634774903
0.661093713035128 0.221777665889442 0.669381550240154
0.661185513820969 0.222776668884453 0.66946460222395
0.661266580701076 0.223775671879464 0.669536898712504
0.661337020373641 0.224774674874475 0.669598546618617
0.661396938476245 0.225773677869486 0.669649651792341
0.661446439596403 0.226772680864497 0.669690319031553
0.661485627281996 0.227771683859508 0.669720652092403
0.661514604051609 0.228770686854519 0.669740753699676
0.661533471404765 0.22976968984953 0.669750725557044
0.661542329832047 0.230768692844541 0.669750668357211
0.661541278825136 0.231767695839552 0.669740681791969
0.661530416886734 0.232766698834563 0.669720864562143
0.661509841540398 0.233765701829574 0.669691314387442
0.661479649340272 0.234764704824585 0.669652128016212
0.661439935880722 0.235763707819596 0.669603401235094
0.66139079580588 0.236762710814607 0.669545228878579
0.661332322819085 0.237761713809618 0.669477704838477
0.66126460969224 0.238760716804629 0.669400922073285
0.661187748275065 0.23975971979964 0.669314972617464
0.661101829504268 0.240758722794651 0.669219947590628
0.661006943412619 0.241757725789662 0.669115937206631
0.660903179137936 0.242756728784673 0.669003030782579
0.660790624931981 0.243755731779684 0.668881316747738
0.660669368169267 0.244754734774695 0.668750882652358
0.660539495355778 0.245753737769706 0.668611815176419
0.660401092137604 0.246752740764717 0.668464200138272
0.660254243309487 0.247751743759728 0.668308122503211
0.660099032823283 0.248750746754739 0.668143666391948
0.659935543796345 0.24974974974975 0.667970915089012
0.659763858519812 0.250748752744761 0.667789951051057
0.659584058466826 0.251747755739772 0.667600855915096
0.659396224300661 0.252746758734783 0.667403710506643
0.659200435882776 0.253745761729794 0.667198594847787
0.658996772280782 0.254744764724805 0.666985588165168
0.658785311776335 0.255743767719816 0.666764768897895
0.658566131872949 0.256742770714827 0.666536214705367
0.658339309303727 0.257741773709838 0.666300002475024
0.658104920039028 0.258740776704849 0.666056208330025
0.657863039294037 0.25973977969986 0.665804907636841
0.657613741536282 0.26073878269487 0.665546175012777
0.657357100493061 0.261737785689881 0.665280084333422
0.6570931891588 0.262736788684892 0.665006708740018
0.656822079802339 0.263735791679903 0.664726120646764
0.656543843974145 0.264734794674914 0.664438391748036
0.656258552513452 0.265733797669925 0.664143593025552
0.65596627555533 0.266732800664936 0.663841794755448
0.655667082537688 0.267731803659947 0.663533066515293
0.655361042208199 0.268730806654958 0.663217477191038
0.655048222631166 0.269729809649969 0.662895094983884
0.654728691194312 0.27072881264498 0.662565987417094
0.654402514615505 0.271727815639991 0.662230221342729
0.65406975894942 0.272726818635002 0.66188786294832
0.653730489594127 0.273725821630013 0.661538977763478
0.653384771297621 0.274724824625024 0.661183630666425
0.653032668164281 0.275723827620035 0.660821885890478
0.652674243661273 0.276722830615046 0.660453807030454
0.652309560624877 0.277721833610057 0.660079457049021
0.651938681266764 0.278720836605068 0.659698898282977
0.651561667180202 0.279719839600079 0.659312192449475
0.651178579346203 0.28071884259509 0.658919400652181
0.650789478139611 0.281717845590101 0.658520583387372
0.650394423335126 0.282716848585112 0.658115800549977
0.64999347411327 0.283715851580123 0.657705111439547
0.649586689066291 0.284714854575134 0.657288574766181
0.649174126204015 0.285713857570145 0.656866248656383
0.648755842959633 0.286712860565156 0.65643819065886
0.648331896195432 0.287711863560167 0.656004457750268
0.647902342208473 0.288710866555178 0.655565106340901
0.647467236736204 0.289709869550189 0.655120192280316
0.647026634962031 0.2907088725452 0.654669770862907
0.646580591520818 0.291707875540211 0.65421389683343
0.646129160504341 0.292706878535222 0.653752624392458
0.645672395466691 0.293705881530233 0.653286007201796
0.645210349429613 0.294704884525244 0.652814098389834
0.644743074887801 0.295703887520255 0.652336950556852
0.644270623814138 0.296702890515266 0.651854615780265
0.643793047664877 0.297701893510277 0.651367145619825
0.643310397384784 0.298700896505288 0.650874591122764
0.64282272341222 0.299699899500299 0.65037700282889
0.642330075684169 0.30069890249531 0.64987443077563
0.641832503641232 0.301697905490321 0.649366924503024
0.641330056232552 0.302696908485332 0.64885453305867
0.640822781920705 0.303695911480343 0.648337305002618
0.640310728686533 0.304694914475354 0.647815288412217
0.639793944033937 0.305693917470365 0.647288530886912
0.639272474994613 0.306692920465376 0.646757079552997
0.638746368132749 0.307691923460387 0.646220981068315
0.63821566954967 0.308690926455397 0.645680281626918
0.637680424888442 0.309689929450408 0.645135026963674
0.637140679338423 0.310688932445419 0.644585262358835
0.636596477639779 0.31168793544043 0.644031032642551
0.636047864087942 0.312686938435441 0.643472382199349
0.635494882538036 0.313685941430452 0.64290935497256
0.634937576409253 0.314684944425463 0.642341994468706
0.634375988689183 0.315683947420474 0.641770343761841
0.633810161938108 0.316682950415485 0.64119444549785
0.633240138293249 0.317681953410496 0.640614341898705
0.63266595947297 0.318680956405507 0.640030074766679
0.632087666780941 0.319679959400518 0.63944168548852
0.631505301110262 0.320678962395529 0.638849215039577
0.630918902947545 0.32167796539054 0.638252703987893
0.630328512376952 0.322676968385551 0.637652192498254
0.629734169084195 0.323675971380562 0.637047720336193
0.6291359123605 0.324674974375573 0.636439326871964
0.628533781106528 0.325673977370584 0.63582705108447
0.627927813836252 0.326672980365595 0.63521093156515
0.627318048680809 0.327671983360606 0.634591006521833
0.626704523392299 0.328670986355617 0.633967313782553
0.626087275347554 0.329669989350628 0.633339890799319
0.625466341551871 0.330668992345639 0.632708774651859
0.624841758642704 0.33166799534065 0.632074002051316
0.624213562893318 0.332666998335661 0.631435609343914
0.623581790216412 0.333666001330672 0.630793632514583
0.622946476167701 0.334665004325683 0.630148107190554
0.622307655949468 0.335664007320694 0.629499068644913
0.621665364414074 0.336663010315705 0.62884655180012
0.621019636067436 0.337662013310716 0.628190591231496
0.620370505072472 0.338661016305727 0.627531221170674
0.619718005252513 0.339660019300738 0.626868475509011
0.619062170094674 0.340659022295749 0.626202387800979
0.618403032753198 0.34165802529076 0.625532991267504
0.617740626052766 0.342657028285771 0.62486031879929
0.617074982491772 0.343656031280782 0.624184402960094
0.616406134245565 0.344655034275793 0.623505275989983
0.615734113169664 0.345654037270804 0.622822969808546
0.615058950802932 0.346653040265815 0.622137516018083
0.614380678370728 0.347652043260826 0.621448945906757
0.613699326788022 0.348651046255837 0.620757290451718
0.613014926662479 0.349650049250848 0.620062580322194
0.612327508297515 0.350649052245859 0.619364845882551
0.611637101695322 0.35164805524087 0.618664117195325
0.61094373655986 0.352647058235881 0.617960424024221
0.610247442299823 0.353646061230892 0.617253795837085
0.609548248031575 0.354645064225903 0.616544261808844
0.608846182582055 0.355644067220914 0.615831850824415
0.608141274491652 0.356643070215925 0.615116591481593
0.607433552017055 0.357642073210935 0.614398512093902
0.606723043134076 0.358641076205946 0.613677640693421
0.606009775540436 0.359640079200957 0.612954005033581
0.605293776658535 0.360639082195968 0.612227632591937
0.604575073638183 0.361638085190979 0.611498550572909
0.603853693359317 0.36263708818599 0.610766785910495
0.603129662434677 0.363636091181001 0.610032365270964
0.602403007212463 0.364635094176012 0.609295315055513
0.60167375377897 0.365634097171023 0.608555661402902
0.600941927961185 0.366633100166034 0.607813430192066
0.600207555329368 0.367632103161045 0.607068647044696
0.599470661199601 0.368631106156056 0.606321337327793
0.59873127063632 0.369630109151067 0.605571526156206
0.597989408454811 0.370629112146078 0.604819238395133
0.59724509922369 0.371628115141089 0.604064498662604
0.596498367267351 0.3726271181361 0.603307331331941
0.5957492366684 0.373626121131111 0.602547760534185
0.594997731270052 0.374625124126122 0.60178581016051
0.594243874678515 0.375624127121133 0.601021503864603
0.593487690265344 0.376623130116144 0.600254865065026
0.592729201169772 0.377622133111155 0.599485916947556
0.591968430301024 0.378621136106166 0.598714682467493
0.5912054003406 0.379620139101177 0.597941184351959
0.590440133744537 0.380619142096188 0.597165445102157
0.589672652745655 0.381618145091199 0.596387486995624
0.588902979355771 0.38261714808621 0.595607332088452
0.588131135367899 0.383616151081221 0.594825002217487
0.587357142358426 0.384615154076232 0.594040519002512
0.58658102168926 0.385614157071243 0.593253903848404
0.585802794509966 0.386613160066254 0.592465177947265
0.585022481759879 0.387612163061265 0.591674362280546
0.584240104170187 0.388611166056276 0.590881477621133
0.583455682266006 0.389610169051287 0.590086544535425
0.582669236368425 0.390609172046298 0.589289583385384
0.581880786596538 0.391608175041309 0.588490614330568
0.581090352869446 0.39260717803632 0.587689657330145
0.580297954908251 0.393606181031331 0.58688673214488
0.579503612238018 0.394605184026342 0.586081858339113
0.578707344189731 0.395604187021353 0.585275055282706
0.577909169902217 0.396603190016364 0.584466342152981
0.577109108324055 0.397602193011375 0.58365573793663
0.576307178215472 0.398601196006386 0.582843261431614
0.575503398150214 0.399600199001397 0.582028931249035
0.574697786517394 0.400599201996408 0.581212765814994
0.573890361523337 0.401598204991419 0.580394783372435
0.573081141193388 0.40259720798643 0.579575001982957
0.572270143373716 0.40359621098144 0.578753439528625
0.571457385733095 0.404595213976451 0.577930113713749
0.570642885764663 0.405594216971462 0.577105042066655
0.569826660787675 0.406593219966473 0.576278241941429
0.569008727949225 0.407592222961484 0.575449730519656
0.568189104225959 0.408591225956495 0.574619524812127
0.567367806425773 0.409590228951506 0.573787641660545
0.566544851189486 0.410589231946517 0.572954097739198
0.565720254992501 0.411588234941528 0.572118909556628
0.564894034146454 0.412587237936539 0.571282093457278
0.564066204800835 0.41358624093155 0.570443665623121
0.563236782944606 0.414585243926561 0.569603642075277
0.562405784407791 0.415584246921572 0.568762038675612
0.561573224863063 0.416583249916583 0.567918871128319
0.5607391198273 0.417582252911594 0.567074154981487
0.55990348466314 0.418581255906605 0.566227905628654
0.559066334580511 0.419580258901616 0.56538013831034
0.55822768463815 0.420579261896627 0.56453086811557
0.557387549745106 0.421578264891638 0.563680109983379
0.556545944662227 0.422577267886649 0.562827878704307
0.555702884003635 0.42357627088166 0.561974188921866
0.554858382238182 0.424575273876671 0.561119055134013
0.554012453690895 0.425574276871682 0.560262491694587
0.553165112544408 0.426573279866693 0.559404512814747
0.552316372840374 0.427572282861704 0.558545132564388
0.551466248480868 0.428571285856715 0.557684364873548
0.550614753229774 0.429570288851726 0.556822223533795
0.54976190071416 0.430569291846737 0.555958722199604
0.548907704425635 0.431568294841748 0.555093874389723
0.5480521777217 0.432567297836759 0.554227693488516
0.547195333827077 0.43356630083177 0.553360192747307
0.546337185835029 0.434565303826781 0.552491385285693
0.545477746708672 0.435564306821792 0.551621284092862
0.54461702928226 0.436563309816803 0.550749902028885
0.543755046262474 0.437562312811814 0.549877251825998
0.542891810229686 0.438561315806825 0.549003346089877
0.542027333639216 0.439560318801836 0.548128197300894
0.541161628822573 0.440559321796847 0.547251817815361
0.540294707988688 0.441558324791858 0.546374219866764
0.539426583225131 0.442557327786869 0.545495415566987
0.538557266499319 0.44355633078188 0.544615416907517
0.53768676965971 0.444555333776891 0.543734235760643
0.536815104436982 0.445554336771902 0.542851883880637
0.535942282445208 0.446553339766913 0.541968372904933
0.535068315183016 0.447552342761924 0.541083714355284
0.534193214034731 0.448551345756935 0.540197919638916
0.533316990271516 0.449550348751946 0.53931100004966
0.532439655052495 0.450549351746956 0.538422966769085
0.531561219425866 0.451548354741967 0.537533830867611
0.530681694330007 0.452547357736978 0.536643603305617
0.529801090594563 0.453546360731989 0.53575229493453
0.528919418941531 0.454545363727 0.534859916497912
0.528036689986326 0.455544366722011 0.53396647863253
0.527152914238844 0.456543369717022 0.533071991869419
0.526268102104511 0.457542372712033 0.532176466634932
0.525382263885317 0.458541375707044 0.531279913251782
0.524495409780849 0.459540378702055 0.53038234194007
0.523607549889306 0.460539381697066 0.529483762818306
0.522718694208509 0.461538384692077 0.52858418590442
0.521828852636898 0.462537387687088 0.52768362111676
0.520938034974519 0.463536390682099 0.526782078275084
0.520046250924001 0.46453539367711 0.525879567101537
0.519153510091528 0.465534396672121 0.524976097221624
0.518259821987796 0.466533399667132 0.52407167816517
0.517365196028961 0.467532402662143 0.523166319367269
0.516469641537579 0.468531405657154 0.522260030169229
0.515573167743539 0.469530408652165 0.521352819819503
0.514675783784979 0.470529411647176 0.52044469747461
0.513777498709205 0.471528414642187 0.519535672200051
0.512878321473588 0.472527417637198 0.518625752971215
0.511978260946459 0.473526420632209 0.51771494867427
0.511077325907998 0.47452542362722 0.516803268107055
0.510175525051105 0.475524426622231 0.515890719979956
0.509272866982271 0.476523429617242 0.514977312916773
0.508369360222437 0.477522432612253 0.514063055455585
0.507465013207841 0.478521435607264 0.5131479560496
0.506559834290863 0.479520438602275 0.512232023067998
0.50565383174086 0.480519441597286 0.511315264796766
0.504747013744987 0.481518444592297 0.510397689439527
0.503839388409016 0.482517447587308 0.509479305118357
0.502930963758147 0.483516450582319 0.508560119874596
0.502021747737806 0.48451545357733 0.507640141669653
0.501111748214438 0.485514456572341 0.506719378385794
0.500200972976297 0.486513459567352 0.505797837826937
0.499289429734214 0.487512462562363 0.504875527719424
0.498377126122378 0.488511465557374 0.503952455712797
0.497464069699086 0.489510468552385 0.503028629380558
0.496550267947509 0.490509471547396 0.502104056220925
0.495635728276428 0.491508474542407 0.501178743657584
0.494720458020982 0.492507477537418 0.500252699040426
0.493804464443396 0.493506480532429 0.499325929646283
0.492887754733704 0.49450548352744 0.498398442679651
0.491970336010471 0.495504486522451 0.497470245273413
0.491052215321503 0.496503489517462 0.496541344489549
0.490133399644544 0.497502492512473 0.49561174731984
0.489213895887982 0.498501495507484 0.494681460686567
0.48829371089153 0.499500498502494 0.4937504914432
0.487372851426914 0.500499501497505 0.492818846375088
0.486451324198548 0.501498504492516 0.491886532200126
0.4855291358442 0.502497507487527 0.490953555569434
0.484606292935657 0.503496510482538 0.490019923068019
0.483682801979382 0.504495513477549 0.489085641215429
0.48275866941716 0.50549451647256 0.488150716466406
0.481833901626744 0.506493519467571 0.487215155211531
0.48090850492249 0.507492522462582 0.48627896377786
0.479982485555988 0.508491525457593 0.485342148429556
0.479055849716683 0.509490528452604 0.484404715368515
0.478128603532497 0.510489531447615 0.483466670734985
0.47720075307044 0.511488534442626 0.482528020608175
0.476272304337211 0.512487537437637 0.481588771006869
0.475343263279803 0.513486540432648 0.48064892789002
0.474413635786093 0.514485543427659 0.479708497157348
0.473483427685431 0.51548454642267 0.478767484649927
0.472552644749221 0.516483549417681 0.47782589615077
0.471621292691499 0.517482552412692 0.476883737385405
0.470689377169501 0.518481555407703 0.475941014022448
0.469756903784228 0.519480558402714 0.474997731674164
0.468823878081005 0.520479561397725 0.474053895897033
0.467890305550036 0.521478564392736 0.473109512192301
0.466956191626952 0.522477567387747 0.472164586006531
0.466021541693348 0.523476570382758 0.471219122732143
0.465086361077328 0.524475573377769 0.470273127707958
0.464150655054031 0.52547457637278 0.469326606219725
0.463214428846163 0.526473579367791 0.468379563500654
0.46227768762451 0.527472582362802 0.467432004731931
0.461340436508462 0.528471585357813 0.466483935043244
0.460402680566519 0.529470588352824 0.465535359513287
0.459464424816801 0.530469591347835 0.464586283170272
0.458525674227544 0.531468594342846 0.463636710992429
0.457586433717599 0.532467597337857 0.462686647908503
0.456646708156922 0.533466600332868 0.461736098798244
0.455706502367062 0.534465603327879 0.460785068492899
0.454765821121638 0.53546460632289 0.459833561775688
0.453824669146819 0.536463609317901 0.458881583382286
0.452883051121794 0.537462612312912 0.457929138001294
0.451940971679239 0.538461615307923 0.456976230274707
0.450998435405782 0.539460618302934 0.456022864798375
0.450055446842456 0.540459621297945 0.455069046122468
0.449112010485156 0.541458624292956 0.454114778751922
0.448168130785087 0.542457627287967 0.453160067146894
0.447223812149206 0.543456630282978 0.452204915723208
0.446279058940666 0.544455633277989 0.451249328852789
0.445333875479247 0.545454636273 0.450293310864107
0.444388266041789 0.54645363926801 0.449336866042606
0.44344223486262 0.547452642263021 0.448379998631128
0.442495786133978 0.548451645258032 0.447422712830345
0.441548924006427 0.549450648253043 0.446465012799168
0.440601652589275 0.550449651248054 0.44550690265517
0.439653975950981 0.551448654243065 0.444548386474994
0.438705898119563 0.552447657238076 0.443589468294759
0.437757423083 0.553446660233087 0.442630152110465
0.436808554789627 0.554445663228098 0.441670441878389
0.435859297148533 0.555444666223109 0.440710341515484
0.434909654029951 0.55644366921812 0.439749854899763
0.433959629265639 0.557442672213131 0.438788985870696
0.43300922664927 0.558441675208142 0.437827738229582
0.432058449936803 0.559440678203153 0.436866115739939
0.431107302846866 0.560439681198164 0.43590412212787
0.430155789061119 0.561438684193175 0.434941761082443
0.429203912224627 0.562437687188186 0.433979036256053
0.428251675946222 0.563436690183197 0.433015951264791
0.427299083798863 0.564435693178208 0.432052509688802
0.426346139319991 0.565434696173219 0.431088715072643
0.425392846011887 0.56643369916823 0.430124570925639
0.424439207342015 0.567432702163241 0.429160080722228
0.423485226743375 0.568431705158252 0.428195247902314
0.422530907614838 0.569430708153263 0.427230075871606
0.421576253321492 0.570429711148274 0.426264568001959
0.420621267194975 0.571428714143285 0.425298727631712
0.419665952533805 0.572427717138296 0.424332558066019
0.418710312603714 0.573426720133307 0.42336606257718
0.417754350637973 0.574425723128318 0.422399244404966
0.416798069837709 0.575424726123329 0.421432106756948
0.415841473372232 0.57642372911834 0.420464652808807
0.414884564379348 0.577422732113351 0.41949688570466
0.413927345965672 0.578421735108362 0.418528808557372
0.412969821206937 0.579420738103373 0.417560424448862
0.412011993148305 0.580419741098384 0.416591736430416
0.411053864804664 0.581418744093395 0.415622747522987
0.410095439160938 0.582417747088406 0.414653460717502
0.409136719172377 0.583416750083417 0.413683878975155
0.408177707764855 0.584415753078428 0.412714005227706
0.407218407835163 0.585414756073439 0.411743842377771
0.406258822251297 0.58641375906845 0.410773393299115
0.405298953852743 0.587412762063461 0.409802660836935
0.404338805450763 0.588411765058472 0.408831647808148
0.403378379828674 0.589410768053483 0.407860357001668
0.402417679742125 0.590409771048494 0.406888791178689
0.401456707919374 0.591408774043505 0.405916953072954
0.40049546706156 0.592407777038516 0.404944845391035
0.399533959842971 0.593406780033527 0.4039724708126
0.39857218891131 0.594405783028537 0.402999831990677
0.397610156887964 0.595404786023548 0.402026931551926
0.396647866368262 0.596403789018559 0.401053772096895
0.395685319921733 0.59740279201357 0.400080356200283
0.394722520092366 0.598401795008581 0.399106686411194
0.393759469398861 0.599400798003592 0.398132765253394
0.392796170334882 0.600399800998603 0.397158595225563
0.391832625369304 0.601398803993614 0.396184178801543
0.390868836946462 0.602397806988625 0.395209518430584
0.389904807486394 0.603396809983636 0.394234616537591
0.38894053938508 0.604395812978647 0.393259475523364
0.387976035014685 0.605394815973658 0.39228409776484
0.387011296723793 0.606393818968669 0.391308485615325
0.386046326837643 0.60739282196368 0.390332641404737
0.38508112765836 0.608391824958691 0.38935656743983
0.384115701465187 0.609390827953702 0.38838026600443
0.383150050514707 0.610389830948713 0.387403739359662
0.382184177041076 0.611388833943724 0.386426989744172
0.381218083256238 0.612387836938735 0.385450019374356
0.380251771350152 0.613386839933746 0.384472830444577
0.379285243491009 0.614385842928757 0.383495425127386
0.378318501825444 0.615384845923768 0.382517805573737
0.377351548478758 0.616383848918779 0.381539973913203
0.376384385555123 0.61738285191379 0.380561932254191
0.375417015137795 0.618381854908801 0.379583682684147
0.374449439289324 0.619380857903812 0.378605227269767
0.373481660051755 0.620379860898823 0.377626568057206
0.372513679446837 0.621378863893834 0.376647707072278
0.371545499476219 0.622377866888845 0.375668646320659
0.370577122121657 0.623376869883856 0.374689387788089
0.369608549345205 0.624375872878867 0.37370993344057
0.368639783089414 0.625374875873878 0.37273028522456
0.367670825277525 0.626373878868889 0.371750445067169
0.366701677813664 0.6273728818639 0.370770414876351
0.365732342583027 0.628371884858911 0.369790196541094
0.36476282145207 0.629370887853922 0.36880979193161
0.363793116268699 0.630369890848933 0.367829202899519
0.362823228862447 0.631368893843944 0.366848431278037
0.361853161044666 0.632367896838955 0.365867478882156
0.360882914608698 0.633366899833966 0.364886347508828
0.359912491330061 0.634365902828977 0.36390503893714
0.358941892966623 0.635364905823988 0.362923554928497
0.35797112125878 0.636363908818999 0.361941897226793
0.357000177929625 0.63736291181401 0.36096006755859
0.356029064685125 0.63836191480902 0.359978067633286
0.355057783214289 0.639360917804031 0.358995899143285
0.354086335189337 0.640359920799042 0.358013563764171
0.353114722265865 0.641358923794053 0.357031063154871
0.352142946083013 0.642357926789064 0.356048398957821
0.351171008263629 0.643356929784075 0.355065572799133
0.350198910414426 0.644355932779086 0.354082586288752
0.349226654126148 0.645354935774097 0.353099441020623
0.348254240973727 0.646353938769108 0.352116138572844
0.347281672516439 0.647352941764119 0.351132680507826
0.346308950298059 0.64835194475913 0.350149068372452
0.345336075847019 0.649350947754141 0.349165303698226
0.344363050676556 0.650349950749152 0.34818138800143
0.343389876284866 0.651348953744163 0.347197322783272
0.342416554155251 0.652347956739174 0.346213109530039
0.341443085756271 0.653346959734185 0.345228749713243
0.340469472541885 0.654345962729196 0.344244244789769
0.339495715951603 0.655344965724207 0.343259596202022
0.338521817410622 0.656343968719218 0.342274805378065
0.337547778329975 0.657342971714229 0.341289873731769
0.336573600106667 0.65834197470924 0.340304802662949
0.335599284123818 0.659340977704251 0.339319593557507
0.334624831750797 0.660339980699262 0.338334247787567
0.333650244343365 0.661338983694273 0.337348766711616
0.332675523243801 0.662337986689284 0.336363151674633
0.331700669781047 0.663336989684295 0.335377404008233
0.330725685270831 0.664335992679306 0.33439152503079
0.329750571015803 0.665334995674317 0.333405516047574
0.328775328305665 0.666333998669328 0.332419378350883
0.327799958417299 0.667333001664339 0.331433113220165
0.326824462614895 0.66833200465935 0.330446721922152
0.325848842150074 0.669331007654361 0.329460205710986
0.324873098262018 0.670330010649372 0.328473565828338
0.323897232177591 0.671329013644383 0.327486803503541
0.32292124511146 0.672328016639394 0.326499919953706
0.32194513826622 0.673327019634405 0.325512916383844
0.32096891283251 0.674326022629416 0.324525793986992
0.319992569989135 0.675325025624427 0.323538553944323
0.31901611090318 0.676324028619438 0.322551197425273
0.318039536730133 0.677323031614449 0.32156372558765
0.317062848613992 0.67832203460946 0.320576139577756
0.316086047687386 0.679321037604471 0.319588440530497
0.315109135071683 0.680320040599482 0.318600629569497
0.314132111877107 0.681319043594493 0.317612707807212
0.313154979202844 0.682318046589504 0.31662467634504
0.312177738137155 0.683317049584515 0.31563653627343
0.311200389757482 0.684316052579526 0.314648288671991
0.310222935130559 0.685315055574537 0.313659934609603
0.309245375312513 0.686314058569548 0.312671475144517
0.308267711348977 0.687313061564559 0.311682911324469
0.307289944275186 0.68831206455957 0.310694244186777
0.306312075116087 0.68931106755458 0.30970547475845
0.305334104886439 0.690310070549591 0.308716604056286
0.304356034590913 0.691309073544602 0.307727633086977
0.303377865224192 0.692308076539613 0.306738562847209
0.302399597771074 0.693307079534624 0.305749394323758
0.301421233206567 0.694306082529635 0.304760128493594
0.300442772495986 0.695305085524646 0.303770766323975
0.299464216595052 0.696304088519657 0.302781308772542
0.298485566449985 0.697303091514668 0.30179175678742
0.297506822997599 0.698302094509679 0.300802111307307
0.296527987165398 0.69930109750469 0.299812373261571
0.295549059871663 0.700300100499701 0.298822543570341
0.294570042025549 0.701299103494712 0.297832623144601
0.293590934527174 0.702298106489723 0.296842612886279
0.292611738267707 0.703297109484734 0.295852513688336
0.29163245412946 0.704296112479745 0.29486232643486
0.290653082985974 0.705295115474756 0.293872052001148
0.289673625702108 0.706294118469767 0.292881691253798
0.28869408313412 0.707293121464778 0.291891245050791
0.287714456129762 0.708292124459789 0.290900714241584
0.286734745528355 0.7092911274548 0.289910099667187
0.285754952160879 0.710290130449811 0.288919402160249
0.284775076850053 0.711289133444822 0.287928622545146
0.283795120410418 0.712288136439833 0.286937761638057
0.282815083648419 0.713287139434844 0.285946820247048
0.281834967362483 0.714286142429855 0.284955799172153
0.280854772343101 0.715285145424866 0.283964699205452
0.279874499372909 0.716284148419877 0.282973521131156
0.278894149226759 0.717283151414888 0.281982265725674
0.277913722671803 0.718282154409899 0.280990933757704
0.276933220467568 0.71928115740491 0.279999525988298
0.275952643366029 0.720280160399921 0.279008043170944
0.274971992111689 0.721279163394932 0.278016486051643
0.273991267441648 0.722278166389943 0.277024855368976
0.273010470085678 0.723277169384954 0.276033151854186
0.272029600766302 0.724276172379965 0.275041376231246
0.271048660198854 0.725275175374976 0.274049529216931
0.270067649091564 0.726274178369987 0.273057611520894
0.269086568145616 0.727273181364998 0.27206562384573
0.268105418055229 0.728272184360009 0.271073566887055
0.267124199507719 0.72927118735502 0.270081441333565
0.266142913183569 0.730270190350031 0.269089247867114
0.265161559756499 0.731269193345042 0.268096987162776
0.264180139893532 0.732268196340053 0.267104659888917
0.263198654255061 0.733267199335064 0.266112266707257
0.262217103494913 0.734266202330075 0.265119808272938
0.261235488260417 0.735265205325086 0.264127285234592
0.260253809192468 0.736264208320096 0.263134698234401
0.259272066925588 0.737263211315107 0.262142047908166
0.258290262087994 0.738262214310118 0.261149334885366
0.257308395301657 0.739261217305129 0.260156559789223
0.256326467182366 0.74026022030014 0.259163723236764
0.255344478339789 0.741259223295151 0.258170825838884
0.254362429377532 0.742258226290162 0.257177868200404
0.253380320893204 0.743257229285173 0.256184850920133
0.252398153478471 0.744256232280184 0.255191774590929
0.251415927719119 0.745255235275195 0.254198639799755
0.25043364419511 0.746254238270206 0.25320544712774
0.249451303480643 0.747253241265217 0.252212197150237
0.248468906144207 0.748252244260228 0.25121889043688
0.247486452748642 0.749251247255239 0.25022552755164
0.246503943851192 0.75025025025025 0.249232109052881
0.245521380003562 0.751249253245261 0.248238635493419
0.244538761751972 0.752248256240272 0.247245107420573
0.243556089637215 0.753247259235283 0.246251525376223
0.242573364194706 0.754246262230294 0.245257889896861
0.24159058595454 0.755245265225305 0.244264201513647
0.240607755441539 0.756244268220316 0.24327046075246
0.239624873175311 0.757243271215327 0.242276668133954
0.2386419396703 0.758242274210338 0.241282824173605
0.237658955435833 0.759241277205349 0.240288929381767
0.236675920976177 0.76024028020036 0.239294984263719
0.235692836790583 0.761239283195371 0.238300989319719
0.234709703373344 0.762238286190382 0.237306945045052
0.233726521213837 0.763237289185393 0.236312851930078
0.232743290796572 0.764236292180404 0.235318710460286
0.231760012601248 0.765235295175415 0.234324521116336
0.230776687102792 0.766234298170426 0.233330284374111
0.229793314771411 0.767233301165437 0.232336000704765
0.228809896072638 0.768232304160448 0.231341670574767
0.227826431467379 0.769231307155459 0.230347294445949
0.226842921411958 0.77023031015047 0.229352872775553
0.225859366358163 0.771229313145481 0.228358406016276
0.224875766753291 0.772228316140492 0.227363894616315
0.223892123040193 0.773227319135503 0.226369339019411
0.222908435657317 0.774226322130514 0.225374739664895
0.221924705038755 0.775225325125525 0.224380096987731
0.220940931614281 0.776224328120536 0.223385411418559
0.219957115809399 0.777223331115547 0.222390683383737
0.218973258045383 0.778222334110558 0.221395913305387
0.21798935873932 0.779221337105569 0.220401101601434
0.217005418304148 0.78022034010058 0.219406248685649
0.216021437148704 0.78121934309559 0.218411354967689
0.21503741567776 0.782218346090601 0.21741642085314
0.214053354292062 0.783217349085612 0.216421446743557
0.213069253388377 0.784216352080623 0.215426433036501
0.212085113359523 0.785215355075634 0.214431380125584
0.211100934594417 0.786214358070645 0.213436288400503
0.21011671747811 0.787213361065656 0.212441158247082
0.209132462391821 0.788212364060667 0.211445990047311
0.208148169712986 0.789211367055678 0.210450784179381
0.207163839815285 0.790210370050689 0.209455541017725
0.206179473068684 0.7912093730457 0.208460260933054
0.205195069839472 0.792208376040711 0.207464944292394
0.204210630490297 0.793207379035722 0.206469591459121
0.203226155380203 0.794206382030733 0.205474202793001
0.202241644864663 0.795205385025744 0.204478778650223
0.201257099295617 0.796204388020755 0.203483319383436
0.200272519021509 0.797203391015766 0.202487825341783
0.199287904387317 0.798202394010777 0.201492296870935
0.19830325573459 0.799201397005788 0.20049673431313
0.197318573401483 0.800200400000799 0.199501138007201
0.196333857722787 0.80119940299581 0.198505508288616
0.195349109029969 0.802198405990821 0.197509845489506
0.194364327651199 0.803197408985832 0.1965141499387
0.193379513911384 0.804196411980843 0.195518421961761
0.192394668132202 0.805195414975854 0.194522661881014
0.191409790632136 0.806194417970865 0.19352687001558
0.190424881726498 0.807193420965876 0.192531046681408
0.189439941727472 0.808192423960887 0.191535192191307
0.188454970944132 0.809191426955898 0.190539306854977
0.187469969682486 0.810190429950909 0.189543390979036
0.186484938245496 0.81118943294592 0.18854744486706
0.185499876933114 0.812188435940931 0.187551468819602
0.18451478604231 0.813187438935942 0.18655546313423
0.183529665867102 0.814186441930953 0.185559428105553
0.182544516698587 0.815185444925964 0.184563364025254
0.181559338824966 0.816184447920975 0.183567271182113
0.180574132531576 0.817183450915986 0.182571149862041
0.179588898100919 0.818182453910997 0.181575000348109
0.178603635812687 0.819181456906008 0.18057882292057
0.177618345943792 0.820180459901019 0.179582617856895
0.176633028768395 0.82117946289603 0.178586385431795
0.17564768455793 0.822178465891041 0.177590125917251
0.174662313581133 0.823177468886052 0.176593839582539
0.173676916104071 0.824176471881063 0.17559752669426
0.172691492390163 0.825175474876074 0.174601187516364
0.171706042700212 0.826174477871085 0.173604822310179
0.170720567292426 0.827173480866096 0.172608431334432
0.16973506642245 0.828172483861107 0.171612014845281
0.168749540343384 0.829171486856118 0.170615573096336
0.167763989305814 0.830170489851129 0.169619106338688
0.166778413557836 0.83116949284614 0.16862261482093
0.165792813345078 0.83216849584115 0.167626098789186
0.164807188910727 0.833167498836161 0.16662955848713
0.163821540495552 0.834166501831172 0.165632994156018
0.162835868337932 0.835165504826183 0.164636406034706
0.161850172673871 0.836164507821194 0.163639794359674
0.160864453737032 0.837163510816205 0.162643159365054
0.159878711758753 0.838162513811216 0.16164650128265
0.158892946968072 0.839161516806227 0.160649820341961
0.157907159591751 0.840160519801238 0.159653116770204
0.156921349854298 0.841159522796249 0.158656390792341
0.15593551797799 0.84215852579126 0.157659642631092
0.154949664182893 0.843157528786271 0.15666287250697
0.153963788686887 0.844156531781282 0.155666080638289
0.152977891705685 0.845155534776293 0.154669267241199
0.151991973452855 0.846154537771304 0.153672432529698
0.151006034139846 0.847153540766315 0.152675576715656
0.150020073976 0.848152543761326 0.151678700008841
0.149034093168581 0.849151546756337 0.150681802616931
0.148048091922793 0.850150549751348 0.149684884745544
0.147062070441799 0.851149552746359 0.148687946598251
0.146076028926742 0.85214855574137 0.1476909883766
0.145089967576768 0.853147558736381 0.146694010280137
0.144103886589041 0.854146561731392 0.145697012506423
0.143117786158767 0.855145564726403 0.144699995251056
0.142131666479209 0.856144567721414 0.143702958707689
0.141145527741713 0.857143570716425 0.142705903068051
0.140159370135718 0.858142573711436 0.141708828521964
0.139173193848784 0.859141576706447 0.140711735257364
0.138186999066604 0.860140579701458 0.139714623460318
0.137200785973028 0.861139582696469 0.138717493315045
0.136214554750075 0.86213858569148 0.137720345003931
0.135228305577956 0.863137588686491 0.13672317870755
0.134242038635093 0.864136591681502 0.135725994604681
0.133255754098131 0.865135594676513 0.134728792872325
0.132269452141961 0.866134597671524 0.133731573685726
0.131283132939734 0.867133600666535 0.132734337218383
0.130296796662883 0.868132603661546 0.131737083642072
0.129310443481133 0.869131606656557 0.130739813126861
0.128324073562525 0.870130609651568 0.129742525841128
0.127337687073427 0.871129612646579 0.128745221951577
0.126351284178555 0.87212861564159 0.127747901623254
0.125364865040988 0.873127618636601 0.126750565019566
0.124378429822183 0.874126621631612 0.125753212302295
0.123391978681991 0.875125624626623 0.124755843631615
0.122405511778676 0.876124627621634 0.123758459166107
0.121419029268929 0.877123630616644 0.122761059062777
0.120432531307882 0.878122633611655 0.121763643477068
0.119446018049125 0.879121636606666 0.120766212562881
0.118459489644722 0.880120639601677 0.119768766472585
0.117472946245225 0.881119642596688 0.118771305357035
0.116486387999691 0.882118645591699 0.117773829365587
0.115499815055692 0.88311764858671 0.116776338646111
0.114513227559336 0.884116651581721 0.115778833345008
0.113526625655278 0.885115654576732 0.114781313607224
0.112540009486734 0.886114657571743 0.113783779576264
0.111553379195498 0.887113660566754 0.112786231394207
0.110566734921954 0.888112663561765 0.111788669201718
0.109580076805089 0.889111666556776 0.110791093138064
0.108593404982511 0.890110669551787 0.109793503341131
0.107606719590458 0.891109672546798 0.10879589994743
0.106620020763815 0.892108675541809 0.107798283092117
0.105633308636126 0.89310767853682 0.106800652909005
0.104646583339607 0.894106681531831 0.105803009530576
0.103659845005159 0.895105684526842 0.104805353087996
0.102673093762385 0.896104687521853 0.103807683711125
0.101686329739596 0.897103690516864 0.102810001528535
0.10069955306383 0.898102693511875 0.101812306667518
0.0997127638608602 0.899101696506886 0.100814599254102
0.0987259622552118 0.900100699501897 0.0998168794130607
0.0977391483701708 0.901099702496908 0.0988191472679288
0.0967523223277979 0.902098705491919 0.0978214029410125
0.0957654842489406 0.90309770848693 0.0968236465534023
0.0947786342532451 0.904096711481941 0.0958258782249852
0.0937917724591683 0.905095714476952 0.0948280980744562
0.0928048989839895 0.906094717471963 0.0938303062193306
0.0918180139438225 0.907093720466974 0.0928325027759557
0.0908311174536265 0.908092723461985 0.091834687859522
0.0898442096272183 0.909091726456996 0.0908368615840751
0.0888572905772832 0.910090729452007 0.089839024062527
0.0878703604153863 0.911089732447018 0.0888411754066672
0.0868834192519838 0.912088735442029 0.087843315727174
0.0858964671964339 0.91308773843704 0.0868454451336257
0.0849095043570078 0.914086741432051 0.0858475637345112
0.0839225308409004 0.915085744427062 0.084849671637241
0.0829355467542411 0.916084747422073 0.0838517689481579
0.0819485522021043 0.917083750417084 0.0828538557725476
0.0809615472885198 0.918082753412095 0.0818559322146494
0.0799745321164837 0.919081756407106 0.0808579983776663
0.0789875067879678 0.920080759402117 0.0798600543637753
0.0780004714039307 0.921079762397128 0.0788621002741381
0.0770134260643271 0.922078765392139 0.0778641362089104
0.0760263708681183 0.923077768387149 0.0768661622672525
0.075039305913282 0.92407677138216 0.0758681785473392
0.0740522312968216 0.925075774377171 0.0748701851463691
0.0730651471147768 0.926074777372182 0.0738721821605748
0.0720780534622321 0.927073780367193 0.0728741696852323
0.0710909504333271 0.928072783362204 0.0718761478146705
0.0701038381212657 0.929071786357215 0.0708781166422807
0.0691167166183251 0.930070789352226 0.0698800762605258
0.0681295860158654 0.931069792347237 0.0688820267609496
0.0671424464043385 0.932068795342248 0.067883968234186
0.0661552978732972 0.933067798337259 0.0668859007699678
0.0651681405114041 0.93406680133227 0.0658878244571359
0.0641809744064405 0.935065804327281 0.0648897393836483
0.063193799645315 0.936064807322292 0.0638916456365884
0.0622066163140726 0.937063810317303 0.0628935433021741
0.0612194244979026 0.938062813312314 0.0618954324657662
0.0602322242811478 0.939061816307325 0.060897313211877
0.0592450157473125 0.940060819302336 0.0598991856241789
0.0582577989790709 0.941059822297347 0.0589010497855122
0.0572705740582753 0.942058825292358 0.0579029057778942
0.0562833410659647 0.943057828287369 0.0569047536825267
0.0552961000823723 0.94405683128238 0.055906593579804
0.0543088511869338 0.945055834277391 0.0549084255493218
0.0533215944582951 0.946054837272402 0.0539102496698844
0.0523343299743208 0.947053840267413 0.0529120660195126
0.0513470578121011 0.948052843262424 0.051913874675452
0.05035977804796 0.949051846257435 0.0509156757141799
0.0493724907574629 0.950050849252446 0.0499174692114137
0.0483851960154239 0.951049852247457 0.0489192552421182
0.0473978938959137 0.952048855242468 0.0479210338805127
0.0464105844722664 0.953047858237479 0.0469228052000792
0.0454232678170873 0.95404686123249 0.0459245692735689
0.0444359440022601 0.955045864227501 0.0449263261730099
0.0434486130989536 0.956044867222512 0.0439280759697143
0.0424612751776295 0.957043870217523 0.0429298187342855
0.041473930308049 0.958042873212534 0.041931554536625
0.0404865785592797 0.959041876207545 0.0409332834459394
0.0394992199997029 0.960040879202556 0.0399350055307474
0.0385118546970199 0.961039882197567 0.0389367208588866
0.0375244827182593 0.962038885192578 0.0379384294975203
0.0365371041297833 0.963037888187589 0.0369401315131441
0.0355497189972943 0.9640368911826 0.0359418269715928
0.0345623273858417 0.965035894177611 0.0349435159380467
0.0335749293598285 0.966034897172622 0.0339451984770379
0.0325875249830171 0.967033900167633 0.0329468746524574
0.0316001143185365 0.968032903162644 0.0319485445275611
0.0306126974288879 0.969031906157655 0.0309502081649758
0.0296252743759513 0.970030909152666 0.0299518656267061
0.0286378452209916 0.971029912147677 0.0289535169741401
0.0276504100246648 0.972028915142688 0.0279551622680557
0.0266629688470238 0.973027918137699 0.0269568015686267
0.0256755217475246 0.97402692113271 0.0259584349354286
0.0246880687850322 0.97502592412772 0.0249600624274451
0.0237006100178267 0.976024927122731 0.023961684103073
0.0227131455036084 0.977023930117742 0.0229633000201289
0.0217256752995044 0.978022933112753 0.0219649102358549
0.0207381994620739 0.979021936107764 0.020966514806924
0.0197507180473138 0.980020939102775 0.0199681137894454
0.0187632311106643 0.981019942097786 0.0189697072389712
0.0177757387070148 0.982018945092797 0.0179712952105008
0.0167882408907087 0.983017948087808 0.0169728777584873
0.0158007377155495 0.984016951082819 0.0159744549368422
0.0148132292348059 0.98501595407783 0.0149760267989413
0.0138257155012167 0.986014957072841 0.0139775933976298
0.012838196566997 0.987013960067852 0.0129791547852273
0.0118506724838425 0.988012963062863 0.0119807110135338
0.0108631433029351 0.989011966057874 0.0109822621338341
0.00987560907494796 0.990010969052885 0.00998380819690338
0.00888806985005062 0.991009972047896 0.00898534925301192
0.0079005256779138 0.992008975042907 0.00798688535193041
0.00691297660771453 0.993007978037918 0.00698841654293479
0.00592542268814099 0.994006981032929 0.00598994287481118
0.0049378639673974 0.99500598402794 0.00499146439586074
0.0039503004932088 0.996004987022951 0.00399298115390452
0.00296273231282585 0.997003990017962 0.0029944931962883
0.0019751594730295 0.998002993012973 0.00199600056988693
0.000987582020135699 0.999001996007984 0.000997503321109497
