0.00892348090373175 0.000998003992015968 0
0.0177483496908365 0.00199700698702695 0.00893244589717801
0.026475586594879 0.00299600998203793 0.0177662788592359
0.0351061621056132 0.0039950129770489 0.0265024781525159
0.0436410370658379 0.00499401597205988 0.0351420133188503
0.0520811627672909 0.00599301896707086 0.0436858442721273
0.0604274810455891 0.00699202196208184 0.0521349213939031
0.0686809243742251 0.00799102495709282 0.0604901856280595
0.0768424159576298 0.0089900279521038 0.0687525685745258
0.0849128698233091 0.00998903094711478 0.0769229925820665
0.0928931909130658 0.0109880339421258 0.0850023708401498
0.100784275173314 0.0119870369371367 0.0929916074699033
0.108587009644495 0.0129860399321477 0.100891597614165
0.116302272549607 0.0139850429271587 0.108703227526645
0.123930933381852 0.0149840459221697 0.116427374660192
0.131473852991412 0.0159830489171807 0.124064907754195
0.138931883671366 0.0169820519121916 0.131616686921109
0.146305869242746 0.0179810549072026 0.139083563732124
0.153596645138754 0.0189800579022136 0.146466381301985
0.16080503848814 0.0199790608972246 0.153765974372964
0.167931868197749 0.0209780638922355 0.160983169398006
0.174977945034252 0.0219770668872465 0.168118784623045
0.181944071705058 0.0229760698822575 0.175173630168499
0.188831042938426 0.0239750728772685 0.182148508109966
0.195639645562786 0.0249740758722795 0.189044212558104
0.202370658585256 0.0259730788672904 0.195861529737737
0.209024853269395 0.0269720818623014 0.202601238066152
0.215602993212177 0.0279710848573124 0.209264108230643
0.222105834420192 0.0289700878523234 0.215850903265265
0.228534125385105 0.0299690908473344 0.222362378626834
0.23488860715835 0.0309680938423453 0.228799282270178
0.241170013425093 0.0319670968373563 0.235162354722628
0.247379070577452 0.0329660998323673 0.241452329157781
0.253516497786992 0.0339651028273783 0.247669931468523
0.259583007076501 0.0349641058223892 0.253815880339329
0.265579303391051 0.0359631088174002 0.259890887317847
0.271506084668349 0.0369621118124112 0.26589565688577
0.277364041908399 0.0379611148074222 0.271830886529001
0.283153859242458 0.0389601178024332 0.277697266807127
0.288876214001316 0.0399591207974441 0.283495481422198
0.294531776782898 0.0409581237924551 0.289226207286828
0.300121211519184 0.0419571267874661 0.294890114591612
0.305645175542476 0.0429561297824771 0.300487866871883
0.311104319650998 0.0439551327774881 0.3060201210738
0.316499288173847 0.044954135772499 0.31148752761978
0.321830719035301 0.04595313876751 0.316890730473283
0.32709924381848 0.046952141762521 0.322230367202949
0.332305487828381 0.047951144757532 0.327507069046108
0.337450070154285 0.048950147752543 0.332721460971643
0.342533603731544 0.0499491507475539 0.337874161742246
0.34755669540275 0.0509481537425649 0.342965783976044
0.352519945978301 0.0519471567375759 0.34799693420762
0.357423950296363 0.0529461597325869 0.352968212948421
0.362269297282234 0.0539451627275978 0.357880214746573
0.367056570007119 0.0549441657226088 0.362733528246099
0.371786345746327 0.0559431687176198 0.367528736245549
0.376459196036877 0.0569421717126308 0.372266415756046
0.381075686734541 0.0579411747076418 0.376947138058761
0.385636378070319 0.0589401777026527 0.38157146876181
0.390141824706349 0.0599391806976637 0.386139967856594
0.394592575791264 0.0609381836926747 0.39065318977357
0.398989175014995 0.0619371866876857 0.395111683437479
0.403332160663037 0.0629361896826967 0.399515992322015
0.407622065670167 0.0639351926777076 0.403866654503959
0.411859417673635 0.0649341956727186 0.408164202716774
0.416044739065817 0.0659331986677296 0.41240916440366
0.420178547046358 0.0669322016627406 0.416602061770096
0.424261353673784 0.0679312046577516 0.420743411835848
0.428293665916609 0.0689302076527625 0.424833726486467
0.43227598570393 0.0699292106477735 0.428873512524273
0.436208809975519 0.0709282136427845 0.432863271718834
0.440092630731422 0.0719272166377955 0.436803500856943
0.443927935081058 0.0729262196328064 0.440694691792101
0.447715205291835 0.0739252226278174 0.444537331493501
0.45145491883728 0.0749242256228284 0.448331902094539
0.455147548444694 0.0759232286178394 0.452078880940828
0.458793562142326 0.0769222316128504 0.455778740637748
0.462393423306087 0.0779212346078613 0.459431949097516
0.465947590705797 0.0789202376028723 0.46303896958579
0.469456518550966 0.0799192405978833 0.466600260767814
0.472920656536127 0.0809182435928943 0.470116276754101
0.476340449885718 0.0819172465879053 0.473587467145661
0.479716339398514 0.0829162495829162 0.477014277078786
0.48304876149162 0.0839152525779272 0.480397147269384
0.486338148244026 0.0849142555729382 0.483736514056874
0.489584927439729 0.0859132585679492 0.487032809447651
0.492789522610427 0.0869122615629602 0.490286461158109
0.495952353077788 0.0879112645579711 0.493497892657247
0.499073833995299 0.0889102675529821 0.496667523208845
0.502154376389698 0.0899092705479931 0.499795767913223
0.505194387201996 0.0909082735430041 0.502883037748589
0.508194269328091 0.091907276538015 0.505929739611969
0.511154421658975 0.092906279533026 0.508936276359738
0.514075239120547 0.093905282528037 0.511903046847745
0.516957112713026 0.094904285523048 0.514830445971036
0.519800429549974 0.095903288518059 0.517718864703193
0.522605572896927 0.0969022915130699 0.520568690135271
0.525372922209652 0.0979012945080809 0.523380305514352
0.528102853172011 0.0989002975030919 0.526154090281723
0.530795737733459 0.0998993004981029 0.528890420110663
0.533451944146161 0.100898303493114 0.531589666943865
0.536071837001752 0.101897306488125 0.534252199030479
0.538655777267712 0.102896309483136 0.536878380962792
0.541204122323402 0.103895312478147 0.539468573712544
0.543717225995725 0.104894315473158 0.542023134666878
0.546195438594441 0.105893318468169 0.544542417663938
0.548639106947127 0.10689232146318 0.547026773028112
0.55104857443379 0.107891324458191 0.549476547604927
0.553424181021141 0.108890327453202 0.551892084795592
0.55576626329652 0.109889330448213 0.554273724591201
0.558075154501489 0.110888333443224 0.556621803606604
0.560351184565092 0.111887336438235 0.558936655113925
0.562594680136779 0.112886339433246 0.561218609075763
0.564805964619009 0.113885342428257 0.563467992178054
0.566985358199525 0.114884345423268 0.565685127862611
0.56913317788331 0.115883348418279 0.567870336359338
0.571249737524221 0.11688235141329 0.570023934718128
0.57333534785632 0.1178813544083 0.572146236840439
0.575390316524875 0.118880357403311 0.574237553510562
0.577414948117072 0.119879360398322 0.576298192426573
0.579409544192412 0.120878363393333 0.578328458230981
0.581374403312802 0.121877366388344 0.580328652541074
0.583309821072359 0.122876369383355 0.582299073978955
0.585216090126903 0.123875372378366 0.584240018201293
0.587093500223172 0.124874375373377 0.586151777928762
0.588942338227736 0.125873378368388 0.588034642975205
0.590762888155624 0.126872381363399 0.589888900276494
0.592555431198674 0.12787138435841 0.591714833919113
0.594320245753593 0.128870387353421 0.593512725168451
0.596057607449743 0.129869390348432 0.59528285249682
0.597767789176648 0.130868393343443 0.597025491611186
0.599451061111231 0.131867396338454 0.598740915480637
0.601107690744775 0.132866399333465 0.600429394363565
0.602737942909621 0.133865402328476 0.602091195834588
0.604342079805599 0.134864405323487 0.603726584811198
0.605920361026195 0.135863408318498 0.605335823580153
0.607473043584458 0.136862411313509 0.606919171823592
0.609000381938653 0.13786141430852 0.60847688664491
0.610502628017654 0.138860417303531 0.61000922259436
0.611980031246087 0.139859420298542 0.611516431694405
0.613432838569226 0.140858423293553 0.612998763464827
0.614861294477631 0.141857426288564 0.614456464947575
0.61626564103156 0.142856429283575 0.615889780731368
0.617646117885115 0.143855432278586 0.617298952976064
0.619002962310169 0.144854435273597 0.618684221436775
0.62033640922004 0.145853438268608 0.620045823487746
0.621646691192941 0.146852441263619 0.621383994146
0.622934038495187 0.14785144425863 0.622698966094748
0.624198679104178 0.148850447253641 0.62399096970656
0.625440838731151 0.149849450248652 0.625260233066316
0.626660740843708 0.150848453243663 0.626506981993917
0.627858606688115 0.151847456238674 0.627731440066784
0.629034655311387 0.152846459233685 0.628933828642123
0.630189103583146 0.153845462228696 0.630114366878973
0.631322166217265 0.154844465223707 0.631273271760037
0.632434055793299 0.155843468218718 0.632410758113289
0.633524982777699 0.156842471213729 0.633527038633375
0.634595155544817 0.15784147420874 0.634622323902799
0.635644780397703 0.158840477203751 0.635696822412894
0.636674061588693 0.159839480198762 0.63675074058459
0.637683201339795 0.160838483193773 0.637784282788974
0.63867239986287 0.161837486188784 0.638797651367644
0.639641855379615 0.162836489183795 0.639791046652867
0.640591764141345 0.163835492178806 0.640764666987526
0.641522320448576 0.164834495173817 0.641718708744882
0.642433716670422 0.165833498168827 0.642653366348128
0.643326143263792 0.166832501163838 0.643568832289756
0.644199788792395 0.167831504158849 0.644465297150732
0.645054839945562 0.16883050715386 0.645342949619473
0.645891481556876 0.169829510148871 0.646201976510646
0.646709896622622 0.170828513143882 0.647042562783772
0.647510266320046 0.171827516138893 0.647864891561647
0.648292770025437 0.172826519133904 0.648669144148588
0.649057585332035 0.173825522128915 0.649455500048482
0.649804888067747 0.174824525123926 0.650224136982674
0.6505348523127 0.175823528118937 0.65097523090766
0.651247650416614 0.176822531113948 0.651708956032621
0.651943453016 0.177821534108959 0.652425484836767
0.652622429051194 0.17882053710397 0.653124988086522
0.653284745783213 0.179819540098981 0.653807634852528
0.653930568810451 0.180818543093992 0.65447359252649
0.654560062085205 0.181817546089003 0.655123026837843
0.655173387930038 0.182816549084014 0.655756101870262
0.655770707053978 0.183815552079025 0.656372980078007
0.65635217856856 0.184814555074036 0.6569738223021
0.6569179600037 0.185813558069047 0.657558787786345
0.657468207323422 0.186812561064058 0.658128034193193
0.658003074941422 0.187811564059069 0.658681717619442
0.658522715736478 0.18881056705408 0.659219992611786
0.659027281067706 0.189809570049091 0.659743012182208
0.65951692078967 0.190808573044102 0.660250927823219
0.659991783267333 0.191807576039113 0.660743889522949
0.66045201539087 0.192806579034124 0.661222045780085
0.660897762590321 0.193805582029135 0.661685543618661
0.66132916885011 0.194804585024146 0.662134528602706
0.661746376723413 0.195803588019157 0.662569144850736
0.662149527346385 0.196802591014168 0.662989535050112
0.662538760452245 0.197801594009179 0.663395840471254
0.662914214385226 0.19880059700419 0.663788200981708
0.663276026114375 0.199799599999201 0.664166755060078
0.663624331247227 0.200798602994212 0.664531639809822
0.663959264043339 0.201797605989223 0.664882990972902
0.664280957427688 0.202796608984234 0.66522094294331
0.664589543003936 0.203795611979245 0.66554562878045
0.664885151067569 0.204794614974256 0.665857180222393
0.665167910618894 0.205793617969267 0.666155727698996
0.665437949375918 0.206792620964278 0.666441400344897
0.665695393787095 0.207791623959289 0.666714326012374
0.66594036904394 0.2087906269543 0.666974631284079
0.666172999093533 0.209789629949311 0.667222441485649
0.666393406650878 0.210788632944322 0.667457880698185
0.666601713211159 0.211787635939333 0.667681071770613
0.66679803906186 0.212786638934343 0.66789213633192
0.666982503294773 0.213785641929354 0.668091194803267
0.667155223817883 0.214784644924365 0.668278366409986
0.667316317367134 0.215783647919376 0.66845376919345
0.66746589951808 0.216782650914387 0.668617520022838
0.667604084697419 0.217781653909398 0.668769734606766
0.667730986194416 0.218780656904409 0.668910527504819
0.667846716172206 0.21977965989942 0.669040012138959
0.66795138567899 0.220778662894431 0.669158300804822
0.668045104659116 0.221777665889442 0.669265504682903
0.668127981964054 0.222776668884453 0.669361733849629
0.668200125363256 0.223775671879464 0.669447097288323
0.668261641554916 0.224774674874475 0.669521702900061
0.668312636176617 0.225773677869486 0.669585657514418
0.66835321381587 0.226772680864497 0.669639066900106
0.668383478020558 0.227771683859508 0.669682035775513
0.668403531309268 0.228770686854519 0.669714667819129
0.668413475181519 0.22976968984953 0.669737065679877
0.668413410127897 0.230768692844541 0.669749330987332
0.668403435640082 0.231767695839552 0.669751564361849
0.668383650220775 0.232766698834563 0.66974386542458
0.668354151393534 0.233765701829574 0.6697263328074
0.668315035712504 0.234764704824585 0.669699064162728
0.668266398772049 0.235763707819596 0.669662156173257
0.668208335216303 0.236762710814607 0.66961570456158
0.668140938748604 0.237761713809618 0.669559804099728
0.668064302140854 0.238760716804629 0.669494548618604
0.667978517242774 0.23975971979964 0.669420031017336
0.667883674991073 0.240758722794651 0.669336343272524
0.66777986541852 0.241757725789662 0.669243576447403
0.667667177662933 0.242756728784673 0.669141820700913
0.667545699976074 0.243755731779684 0.669031165296681
0.667415519732455 0.244754734774695 0.668911698611909
0.667276723438062 0.245753737769706 0.668783508146177
0.667129396738984 0.246752740764717 0.66864668053016
0.666973624429962 0.247751743759728 0.668501301534255
0.666809490462855 0.248750746754739 0.668347456077123
0.666637077955012 0.24974974974975 0.668185228234149
0.666456469197575 0.250748752744761 0.668014701245818
0.666267745663684 0.251747755739772 0.667835957525999
0.666070988016616 0.252746758734783 0.667649078670161
0.665866276117826 0.253745761729794 0.667454145463495
0.665653689034928 0.254744764724805 0.667251237888964
0.665433305049576 0.255743767719816 0.667040435135268
0.665205201665285 0.256742770714827 0.666821815604728
0.66496945561516 0.257741773709838 0.666595456921103
0.664726142869556 0.258740776704849 0.666361435937314
0.664475338643661 0.25973977969986 0.6661198287431
0.664217117405002 0.26073878269487 0.665870710672601
0.663951552880876 0.261737785689881 0.665614156311857
0.663678718065711 0.262736788684892 0.665350239506238
0.663398685228346 0.263735791679903 0.665079033367801
0.663111525919248 0.264734794674914 0.664800610282571
0.66281731097765 0.265733797669925 0.664515041917748
0.662516110538624 0.266732800664936 0.664222399228849
0.662207994040078 0.267731803659947 0.663922752466776
0.661893030229685 0.268730806654958 0.663616171184807
0.661571287171748 0.269729809649969 0.663302724245532
0.661242832253989 0.27072881264498 0.662982479827705
0.660907732194278 0.271727815639991 0.662655505433038
0.660566053047289 0.272726818635002 0.662321867892924
0.660217860211092 0.273725821630013 0.661981633375093
0.659863218433681 0.274724824625024 0.661634867390203
0.659502191819437 0.275723827620035 0.661281634798365
0.659134843835525 0.276722830615046 0.660921999815601
0.658761237318225 0.277721833610057 0.660556026020243
0.658381434479208 0.278720836605068 0.660183776359266
0.657995496911741 0.279719839600079 0.659805313154554
0.657603485596839 0.28071884259509 0.659420698109109
0.657205460909343 0.281717845590101 0.659029992313201
0.656801482623954 0.282716848585112 0.658633256250444
0.656391609921193 0.283715851580123 0.658230549803828
0.65597590139331 0.284714854575134 0.657821932261681
0.655554415050131 0.285713857570145 0.657407462323573
0.655127208324844 0.286712860565156 0.656987198106163
0.65469433807974 0.287711863560167 0.656561197148989
0.654255860611876 0.288710866555178 0.656129516420198
0.653811831658704 0.289709869550189 0.65569221232222
0.653362306403627 0.2907088725452 0.655249340697386
0.652907339481509 0.291707875540211 0.654800956833491
0.652446984984129 0.292706878535222 0.654347115469297
0.651981296465574 0.293705881530233 0.653887870799992
0.651510326947592 0.294704884525244 0.653423276482581
0.651034128924876 0.295703887520255 0.652953385641235
0.650552754370308 0.296702890515266 0.652478250872577
0.650066254740143 0.297701893510277 0.65199792425093
0.649574680979146 0.298700896505288 0.651512457333492
0.649078083525677 0.299699899500299 0.651021901165482
0.648576512316722 0.30069890249531 0.650526306285216
0.648070016792881 0.301697905490321 0.650025722729145
0.647558645903296 0.302696908485332 0.649520200036839
0.647042448110545 0.303695911480343 0.649009787255918
0.64652147139547 0.304694914475354 0.648494532946942
0.645995763261969 0.305693917470365 0.647974485188242
0.645465370741741 0.306692920465376 0.647449691580713
0.644930340398972 0.307691923460387 0.646920199252555
0.644390718334989 0.308690926455397 0.646386054863964
0.643846550192857 0.309689929450408 0.645847304611783
0.643297881161934 0.310688932445419 0.6453039942341
0.642744755982385 0.31168793544043 0.644756169014806
0.642187218949644 0.312686938435441 0.644203873788106
0.641625313918834 0.313685941430452 0.643647152942981
0.641059084309147 0.314684944425463 0.643086050427614
0.640488573108172 0.315683947420474 0.642520609753761
0.639913822876194 0.316682950415485 0.641950874001092
0.639334875750431 0.317681953410496 0.641376885821478
0.638751773449247 0.318680956405507 0.640798687443238
0.638164557276314 0.319679959400518 0.640216320675349
0.637573268124731 0.320678962395529 0.639629826911605
0.63697794648111 0.32167796539054 0.639039247134745
0.636378632429612 0.322676968385551 0.638444621920533
0.635775365655951 0.323675971380562 0.637845991441798
0.635168185451353 0.324674974375573 0.637243395472437
0.634557130716476 0.325673977370584 0.636636873391378
0.633942239965296 0.326672980365595 0.636026464186496
0.633323551328949 0.327671983360606 0.635412206458505
0.632701102559534 0.328670986355617 0.634794138424797
0.632074931033885 0.329669989350628 0.634172297923247
0.631445073757299 0.330668992345639 0.633546722415989
0.630811567367228 0.33166799534065 0.632917448993139
0.630174448136937 0.332666998335661 0.632284514376497
0.629533751979127 0.333666001330672 0.631647954923198
0.628889514449512 0.334665004325683 0.631007806629335
0.628241770750375 0.335664007320694 0.630364105133549
0.627590555734077 0.336663010315705 0.629716885720571
0.626935903906534 0.337662013310716 0.629066183324742
0.626277849430666 0.338661016305727 0.628412032533492
0.625616426129803 0.339660019300738 0.627754467590782
0.624951667491059 0.340659022295749 0.627093522400518
0.624283606668679 0.34165802529076 0.626429230529924
0.623612276487343 0.342657028285771 0.625761625212892
0.622937709445444 0.343656031280782 0.625090739353284
0.622259937718333 0.344655034275793 0.624416605528215
0.621578993161528 0.345654037270804 0.623739255991298
0.620894907313892 0.346653040265815 0.62305872267585
0.620207711400784 0.347652043260826 0.622375037198082
0.619517436337174 0.348651046255837 0.62168823086024
0.618824112730727 0.349650049250848 0.620998334653728
0.618127770884859 0.350649052245859 0.620305379262191
0.617428440801761 0.35164805524087 0.619609395064575
0.616726152185395 0.352647058235881 0.618910412138149
0.616020934444453 0.353646061230892 0.618208460261504
0.615312816695302 0.354645064225903 0.617503568917516
0.614601827764877 0.355644067220914 0.616795767296285
0.613887996193569 0.356643070215925 0.616085084298042
0.613171350238068 0.357642073210935 0.615371548536027
0.612451917874185 0.358641076205946 0.614655188339337
0.61172972679964 0.359640079200957 0.613936031755752
0.611004804436834 0.360639082195968 0.613214106554525
0.610277177935579 0.361638085190979 0.61248944022915
0.609546874175808 0.36263708818599 0.611762060000097
0.608813919770263 0.363636091181001 0.61103199281753
0.608078341067145 0.364635094176012 0.610299265363982
0.607340164152748 0.365634097171023 0.609563904057022
0.606599414854059 0.366633100166034 0.608825935051879
0.605856118741337 0.367632103161045 0.608085384244051
0.605110301130666 0.368631106156056 0.607342277271883
0.604361987086481 0.369630109151067 0.606596639519122
0.603611201424068 0.370629112146078 0.605848496117443
0.602857968712042 0.371628115141089 0.605097871948953
0.602102313274799 0.3726271181361 0.60434479164867
0.601344259194944 0.373626121131111 0.603589279606977
0.600583830315692 0.374625124126122 0.602831359972049
0.59982105024325 0.375624127121133 0.602071056652262
0.599055942349174 0.376623130116144 0.601308393318571
0.598288529772699 0.377622133111155 0.600543393406868
0.597518835423047 0.378621136106166 0.599776080120319
0.596746881981718 0.379620139101177 0.599006476431672
0.595972691904751 0.380619142096188 0.598234605085545
0.595196287424964 0.381618145091199 0.597460488600697
0.594417690554175 0.38261714808621 0.596684149272261
0.5936369230854 0.383616151081221 0.595905609173975
0.592854006595022 0.384615154076232 0.595124890160373
0.592068962444951 0.385614157071243 0.594342013868966
0.591281811784754 0.386613160066254 0.593557001722395
0.590492575553762 0.387612163061265 0.592769874930567
0.589701274483165 0.388611166056276 0.591980654492764
0.588907929098079 0.389610169051287 0.591189361199738
0.588112559719595 0.390609172046298 0.59039601563578
0.587315186466803 0.391608175041309 0.58960063818077
0.586515829258807 0.39260717803632 0.588803249012209
0.585714507816707 0.393606181031331 0.588003868107226
0.58491124166557 0.394605184026342 0.587202515244569
0.584106050136379 0.395604187021353 0.586399210006577
0.583298952367959 0.396603190016364 0.585593971781126
0.582489967308893 0.397602193011375 0.584786819763564
0.581679113719406 0.398601196006386 0.58397777295862
0.580866410173243 0.399600199001397 0.5831668501823
0.580051875059519 0.400599201996408 0.582354070063759
0.579235526584558 0.401598204991419 0.581539451047156
0.578417382773704 0.40259720798643 0.580723011393493
0.577597461473128 0.40359621098144 0.579904769182433
0.576775780351603 0.404595213976451 0.5790847423141
0.575952356902267 0.405594216971462 0.578262948510862
0.575127208444374 0.406593219966473 0.577439405319099
0.574300352125019 0.407592222961484 0.576614130110945
0.573471804920849 0.408591225956495 0.575787140086025
0.572641583639759 0.409590228951506 0.574958452273163
0.571809704922567 0.410589231946517 0.574128083532079
0.570976185244679 0.411588234941528 0.573296050555072
0.570141040917727 0.412587237936539 0.572462369868677
0.569304288091204 0.41358624093155 0.571627057835315
0.56846594275407 0.414585243926561 0.570790130654921
0.567626020736351 0.415584246921572 0.56995160436656
0.566784537710718 0.416583249916583 0.569111494850019
0.565941509194051 0.417582252911594 0.568269817827396
0.565096950548987 0.418581255906605 0.56742658886466
0.564250876985454 0.419580258901616 0.566581823373204
0.563403303562189 0.420579261896627 0.56573553661138
0.562554245188241 0.421578264891638 0.564887743686018
0.561703716624458 0.422577267886649 0.564038459553932
0.560851732484961 0.42357627088166 0.563187699023407
0.559998307238604 0.424575273876671 0.562335476755678
0.559143455210413 0.425574276871682 0.561481807266386
0.558287190583022 0.426573279866693 0.560626704927027
0.557429527398084 0.427572282861704 0.559770183966382
0.556570479557673 0.428571285856715 0.558912258471934
0.555710060825675 0.429570288851726 0.558052942391272
0.554848284829157 0.430569291846737 0.557192249533479
0.553985165059728 0.431568294841748 0.55633019357051
0.553120714874889 0.432567297836759 0.555466788038551
0.552254947499362 0.43356630083177 0.554602046339367
0.55138787602641 0.434565303826781 0.55373598174164
0.550519513419148 0.435564306821792 0.552868607382288
0.549649872511832 0.436563309816803 0.551999936267773
0.548778966011142 0.437562312811814 0.551129981275398
0.54790680649745 0.438561315806825 0.550258755154591
0.547033406426075 0.439560318801836 0.549386270528171
0.546158778128527 0.440559321796847 0.548512539893607
0.545282933813738 0.441558324791858 0.547637575624266
0.544405885569277 0.442557327786869 0.546761389970639
0.543527645362561 0.44355633078188 0.545883995061565
0.542648225042047 0.444555333776891 0.545005402905443
0.541767636338415 0.445554336771902 0.544125625391418
0.540885890865738 0.446553339766913 0.543244674290574
0.540003000122642 0.447552342761924 0.542362561257103
0.539118975493453 0.448551345756935 0.541479297829467
0.538233828249333 0.449550348751946 0.540594895431544
0.537347569549408 0.450549351746956 0.539709365373771
0.536460210441875 0.451548354741967 0.538822718854266
0.535571761865111 0.452547357736978 0.537934966959946
0.534682234648763 0.453546360731989 0.537046120667629
0.533791639514826 0.454545363727 0.536156190845132
0.532899987078716 0.455544366722011 0.535265188252346
0.532007287850331 0.456543369717022 0.534373123542315
0.531113552235093 0.457542372712033 0.533480007262293
0.530218790534994 0.458541375707044 0.532585849854795
0.529323012949622 0.459540378702055 0.531690661658639
0.528426229577174 0.460539381697066 0.530794452909972
0.527528450415473 0.461538384692077 0.529897233743294
0.526629685362958 0.462537387687088 0.528999014192465
0.525729944219674 0.463536390682099 0.528099804191703
0.524829236688251 0.46453539367711 0.527199613576579
0.523927572374875 0.465534396672121 0.526298452084988
0.523024960790238 0.466533399667132 0.525396329358128
0.522121411350499 0.467532402662143 0.524493254941452
0.521216933378212 0.468531405657154 0.523589238285627
0.520311536103267 0.469530408652165 0.522684288747467
0.519405228663803 0.470529411647176 0.521778415590873
0.518498020107125 0.471528414642187 0.520871627987748
0.517589919390603 0.472527417637198 0.519963935018918
0.51668093538257 0.473526420632209 0.519055345675028
0.515771076863204 0.47452542362722 0.518145868857448
0.514860352525407 0.475524426622231 0.517235513379148
0.513948770975669 0.476523429617242 0.516324287965587
0.513036340734931 0.477522432612253 0.515412201255572
0.51212307023943 0.478521435607264 0.514499261802126
0.511208967841549 0.479520438602275 0.513585478073337
0.510294041810641 0.480519441597286 0.5126708584532
0.509378300333864 0.481518444592297 0.511755411242454
0.508461751516989 0.482517447587308 0.510839144659409
0.507544403385216 0.483516450582319 0.509922066840764
0.50662626388397 0.48451545357733 0.509004185842416
0.505707340879699 0.485514456572341 0.508085509640264
0.504787642160653 0.486513459567352 0.507166046131004
0.503867175437666 0.487512462562363 0.506245803132915
0.502945948344926 0.488511465557374 0.505324788386635
0.50202396844073 0.489510468552385 0.504403009555936
0.501101243208249 0.490509471547396 0.503480474228486
0.500177780056264 0.491508474542407 0.502557189916604
0.499253586319914 0.492507477537418 0.501633164058007
0.498328669261423 0.493506480532429 0.500708404016556
0.497403036070828 0.49450548352744 0.499782917082982
0.496476693866691 0.495504486522451 0.498856710475618
0.495549649696819 0.496503489517462 0.497929791341118
0.494621910538956 0.497502492512473 0.497002166755162
0.49369348330149 0.498501495507484 0.496073843723169
0.492764374824135 0.499500498502494 0.495144829180992
0.491834591878616 0.500499501497505 0.494215129995606
0.490904141169346 0.501498504492516 0.493284752965796
0.489973029334094 0.502497507487527 0.49235370482283
0.489041262944647 0.503496510482538 0.491421992231133
0.488108848507469 0.504495513477549 0.490489621788951
0.487175792464343 0.50549451647256 0.489556600029005
0.486242101193024 0.506493519467571 0.488622933419144
0.485307781007867 0.507492522462582 0.487688628362988
0.48437283816046 0.508491525457593 0.486753691200568
0.483437278840252 0.509490528452604 0.485818128208954
0.482501109175163 0.510489531447615 0.484881945602884
0.481564335232202 0.511488534442626 0.483945149535378
0.48062696301807 0.512487537437637 0.483007746098359
0.479688998479758 0.513486540432648 0.482069741323251
0.478750447505145 0.514485543427659 0.481131141181585
0.477811315923579 0.51548454642267 0.48019195158559
0.476871609506466 0.516483549417681 0.479252178388788
0.47593133396784 0.517482552412692 0.47831182738657
0.474990494964939 0.518481555407703 0.477370904316777
0.474049098098762 0.519480558402714 0.476429414860274
0.473107148914635 0.520479561397725 0.475487364641507
0.472164652902763 0.521478564392736 0.474544759229075
0.471221615498775 0.522477567387747 0.473601604136273
0.470278042084267 0.523476570382758 0.472657904821652
0.469333937987344 0.524475573377769 0.471713666689553
0.468389308483144 0.52547457637278 0.470768895090653
0.467444158794372 0.526473579367791 0.469823595322491
0.466498494091815 0.527472582362802 0.468877772630004
0.465552319494863 0.528471585357813 0.467931432206041
0.464605640072017 0.529470588352824 0.466984579191884
0.463658460841395 0.530469591347835 0.466037218677763
0.462710786771235 0.531468594342846 0.465089355703357
0.461762622780386 0.532467597337857 0.464140995258299
0.460813973738806 0.533466600332868 0.463192142282675
0.459864844468042 0.534465603327879 0.462242801667513
0.458915239741715 0.53546460632289 0.46129297825527
0.457965164285992 0.536463609317901 0.460342676840317
0.457014622780063 0.537462612312912 0.459391902169414
0.456063619856606 0.538461615307923 0.458440658942184
0.455112160102245 0.539460618302934 0.457488951811581
0.454160248058016 0.540459621297945 0.456536785384353
0.453207888219812 0.541458624292956 0.455584164221501
0.45225508503884 0.542457627287967 0.454631092838735
0.451301842922056 0.543456630282978 0.45367757570692
0.450348166232613 0.544455633277989 0.452723617252525
0.44939405929029 0.545454636273 0.451769221858061
0.448439526371929 0.54645363926801 0.450814393862519
0.447484571711857 0.547452642263021 0.449859137561805
0.446529199502312 0.548451645258032 0.448903457209161
0.445573413893858 0.549450648253043 0.447947357015594
0.444617218995802 0.550449651248054 0.446990841150295
0.443660618876605 0.551448654243065 0.446033913741052
0.442703617564284 0.552447657238076 0.445076578874663
0.441746219046817 0.553446660233087 0.444118840597343
0.440788427272541 0.554445663228098 0.443160702915125
0.439830246150544 0.555444666223109 0.442202169794261
0.438871679551058 0.55644366921812 0.441243245161617
0.437912731305843 0.557442672213131 0.440283932905064
0.43695340520857 0.558441675208142 0.439324236873864
0.435993705015201 0.559440678203153 0.438364160879054
0.43503363444436 0.560439681198164 0.437403708693826
0.43407319717771 0.561438684193175 0.436442884053905
0.433112396860315 0.562437687188186 0.435481690657914
0.432151237101007 0.563436690183197 0.434520132167752
0.431189721472744 0.564435693178208 0.433558212208952
0.430227853512969 0.565434696173219 0.432595934371042
0.429265636723961 0.56643369916823 0.431633302207908
0.428303074573187 0.567432702163241 0.430670319238142
0.427340170493643 0.568431705158252 0.429706988945397
0.426376927884203 0.569430708153263 0.428743314778729
0.425413350109954 0.570429711148274 0.427779300152946
0.424449440502533 0.571428714143285 0.426814948448944
0.42348520236046 0.572427717138296 0.425850263014047
0.422520638949466 0.573426720133307 0.424885247162338
0.421555753502821 0.574425723128318 0.423919904174989
0.420590549221654 0.575424726123329 0.42295423730059
0.419625029275274 0.57642372911834 0.42198824975547
0.418659196801487 0.577422732113351 0.421021944724018
0.417693054906907 0.578421735108362 0.420055325359003
0.416726606667269 0.579420738103373 0.419088394781884
0.415759855127733 0.580419741098384 0.418121156083123
0.41479280330319 0.581418744093395 0.417153612322493
0.413825454178561 0.582417747088406 0.416185766529382
0.412857810709096 0.583416750083417 0.415217621703094
0.411889875820672 0.584415753078428 0.414249180813149
0.410921652410077 0.585414756073439 0.413280446799581
0.409953143345307 0.58641375906845 0.412311422573224
0.40898435146585 0.587412762063461 0.411342111016009
0.408015279582967 0.588411765058472 0.410372514981247
0.407045930479975 0.589410768053483 0.409402637293917
0.406076306912523 0.590409771048494 0.408432480750942
0.405106411608869 0.591408774043505 0.407462048121471
0.404136247270152 0.592407777038516 0.406491342147155
0.403165816570659 0.593406780033527 0.405520365542419
0.402195122158095 0.594405783028537 0.404549120994732
0.401224166653846 0.595404786023548 0.403577611164877
0.40025295265324 0.596403789018559 0.402605838687212
0.399281482725808 0.59740279201357 0.401633806169936
0.398309759415538 0.598401795008581 0.400661516195349
0.39733778524113 0.599400798003592 0.399688971320105
0.396365562696247 0.600399800998603 0.39871617407547
0.395393094249766 0.601398803993614 0.397743126967576
0.394420382346021 0.602397806988625 0.396769832477666
0.393447429405049 0.603396809983636 0.395796293062342
0.392474237822832 0.604395812978647 0.394822511153814
0.391500809971533 0.605394815973658 0.393848489160137
0.390527148199738 0.606393818968669 0.392874229465453
0.389553254832685 0.60739282196368 0.391899734430231
0.388579132172499 0.608391824958691 0.390925006391495
0.387604782498422 0.609390827953702 0.389950047663067
0.386630208067039 0.610389830948713 0.388974860535787
0.385655411112504 0.611388833943724 0.387999447277749
0.384680393846762 0.612387836938735 0.387023810134523
0.383705158459774 0.613386839933746 0.386047951329378
0.382729707119727 0.614385842928757 0.385071873063509
0.381754041973259 0.615384845923768 0.384095577516248
0.380778165145669 0.616383848918779 0.383119066845287
0.379802078741131 0.61738285191379 0.382142343186892
0.3788257848429 0.618381854908801 0.381165408656115
0.377849285513525 0.619380857903812 0.380188265347003
0.376872582795053 0.620379860898823 0.37921091533281
0.375895678709231 0.621378863893834 0.378233360666201
0.374918575257711 0.622377866888845 0.377255603379457
0.373941274422245 0.623376869883856 0.376277645484677
0.37296377816489 0.624375872878867 0.375299488973982
0.371986088428195 0.625374875873878 0.374321135819707
0.371008207135404 0.626373878868889 0.373342587974603
0.370030136190639 0.6273728818639 0.372363847372028
0.369051877479098 0.628371884858911 0.371384915926143
0.368073432867238 0.629370887853922 0.370405795532097
0.367094804202963 0.630369890848933 0.369426488066224
0.366115993315809 0.631368893843944 0.368446995386222
0.365137002017123 0.632367896838955 0.367467319331342
0.364157832100252 0.633366899833966 0.36648746172257
0.363178485340712 0.634365902828977 0.365507424362812
0.362198963496371 0.635364905823988 0.364527209037065
0.361219268307624 0.636363908818999 0.363546817512606
0.360239401497565 0.63736291181401 0.362566251539158
0.359259364772162 0.63836191480902 0.36158551284907
0.358279159820423 0.639360917804031 0.360604603157489
0.357298788314567 0.640359920799042 0.359623524162528
0.356318251910192 0.641358923794053 0.358642277545439
0.355337552246436 0.642357926789064 0.357660864970776
0.354356690946148 0.643356929784075 0.356679288086567
0.353375669616042 0.644355932779086 0.355697548524471
0.352394489846861 0.645354935774097 0.354715647899945
0.351413153213537 0.646353938769108 0.353733587812405
0.350431661275345 0.647352941764119 0.352751369845383
0.349450015576062 0.64835194475913 0.351768995566685
0.348468217644119 0.649350947754141 0.350786466528551
0.347486268992752 0.650349950749152 0.349803784267803
0.346504171120158 0.651348953744163 0.348820950306005
0.34552192550964 0.652347956739174 0.347837966149609
0.344539533629757 0.653346959734185 0.346854833290109
0.343556996934468 0.654345962729196 0.345871553204185
0.342574316863283 0.655344965724207 0.344888127353857
0.341591494841399 0.656343968719218 0.343904557186624
0.340608532279848 0.657342971714229 0.342920844135611
0.339625430575637 0.65834197470924 0.341936989619712
0.338642191111885 0.659340977704251 0.34095299504373
0.337658815257961 0.660339980699262 0.339968861798519
0.336675304369625 0.661338983694273 0.33898459126112
0.335691659789158 0.662337986689284 0.3380001847949
0.334707882845501 0.663336989684295 0.337015643749688
0.333723974854381 0.664335992679306 0.336030969461906
0.33273993711845 0.665334995674317 0.335046163254709
0.331755770927409 0.666333998669328 0.334061226438108
0.33077147755814 0.667333001664339 0.333076160309109
0.329787058274832 0.66833200465935 0.332090966151835
0.328802514329108 0.669331007654361 0.33110564523766
0.327817846960149 0.670330010649372 0.33012019882533
0.326833057394819 0.671329013644383 0.329134628161093
0.325848146847785 0.672328016639394 0.32814893447882
0.324863116521641 0.673327019634405 0.327163119000132
0.323877967607028 0.674326022629416 0.326177182934514
0.322892701282749 0.675325025624427 0.325191127479445
0.321907318715891 0.676324028619438 0.324204953820509
0.32092182106194 0.677323031614449 0.323218663131519
0.319936209464896 0.67832203460946 0.322232256574632
0.318950485057386 0.679321037604471 0.321245735300461
0.317964648960781 0.680320040599482 0.320259100448196
0.316978702285301 0.681319043594493 0.319272353145713
0.315992646130135 0.682318046589504 0.318285494509689
0.315006481583543 0.683317049584515 0.31729852564571
0.314020209722967 0.684316052579526 0.316311447648385
0.31303383161514 0.685315055574537 0.315324261601453
0.312047348316191 0.686314058569548 0.314336968577888
0.311060760871751 0.687313061564559 0.313349569640014
0.310074070317058 0.68831206455957 0.3123620658396
0.309087277677056 0.68931106755458 0.311374458217976
0.308100383966505 0.690310070549591 0.310386747806128
0.307113390190075 0.691309073544602 0.309398935624804
0.306126297342451 0.692308076539613 0.308411022684615
0.30513910640843 0.693307079534624 0.30742300998614
0.304151818363019 0.694306082529635 0.306434898520017
0.303164434171535 0.695305085524646 0.305446689267049
0.302176954789698 0.696304088519657 0.3044583831983
0.301189381163728 0.697303091514668 0.303469981275189
0.300201714230439 0.698302094509679 0.302481484449588
0.299213954917335 0.69930109750469 0.301492893663919
0.298226104142696 0.700300100499701 0.300504209851242
0.297238162815679 0.701299103494712 0.299515433935353
0.296250131836401 0.702298106489723 0.298526566830874
0.295262012096031 0.703297109484734 0.297537609443345
0.294273804476881 0.704296112479745 0.296548562669314
0.293285509852492 0.705295115474756 0.295559427396424
0.292297129087722 0.706294118469767 0.294570204503504
0.291308663038832 0.707293121464778 0.293580894860658
0.29032011255357 0.708292124459789 0.292591499329347
0.28933147847126 0.7092911274548 0.291602018762477
0.288342761622881 0.710290130449811 0.290612454004488
0.287353962831152 0.711289133444822 0.28962280589143
0.286365082910614 0.712288136439833 0.288633075251053
0.285376122667711 0.713287139434844 0.287643262902887
0.284387082900872 0.714286142429855 0.286653369658323
0.283397964400587 0.715285145424866 0.285663396320696
0.282408767949491 0.716284148419877 0.284673343685361
0.281419494322438 0.717283151414888 0.283683212539777
0.280430144286579 0.718282154409899 0.282693003663582
0.279440718601441 0.71928115740491 0.281702717828674
0.278451218018999 0.720280160399921 0.280712355799282
0.277461643283756 0.721279163394932 0.27972191833205
0.276471995132811 0.722278166389943 0.278731406176105
0.275482274295939 0.723277169384954 0.277740820073137
0.274492481495659 0.724276172379965 0.276750160757469
0.273502617447308 0.725275175374976 0.275759428956133
0.272512682859115 0.726274178369987 0.274768625388941
0.271522678432264 0.727273181364998 0.273777750768558
0.270532604860974 0.728272184360009 0.27278680580057
0.26954246283256 0.72927118735502 0.271795791183557
0.268552253027507 0.730270190350031 0.270804707609162
0.267561976119534 0.731269193345042 0.26981355576216
0.266571632775664 0.732268196340053 0.268822336320525
0.265581223656289 0.733267199335064 0.267831049955501
0.264590749415239 0.734266202330075 0.266839697331662
0.26360021069984 0.735265205325086 0.265848279106986
0.262609608150987 0.736264208320096 0.264856795932915
0.261618942403205 0.737263211315107 0.263865248454424
0.260628214084707 0.738262214310118 0.262873637310082
0.259637423817467 0.739261217305129 0.261881963132115
0.258646572217273 0.74026022030014 0.260890226546474
0.257655659893793 0.741259223295151 0.259898428172891
0.256664687450633 0.742258226290162 0.258906568624947
0.255673655485401 0.743257229285173 0.257914648510127
0.254682564589765 0.744256232280184 0.256922668429884
0.25369141534951 0.745255235275195 0.255930628979701
0.252700208344598 0.746254238270206 0.254938530749143
0.251708944149228 0.747253241265217 0.253946374321925
0.250717623331889 0.748252244260228 0.252954160275962
0.24972624645542 0.749251247255239 0.251961889183433
0.248734814077067 0.75025025025025 0.250969561610831
0.247743326748533 0.751249253245261 0.249977178119029
0.24675178501604 0.752248256240272 0.248984739263325
0.24576018942038 0.753247259235283 0.247992245593505
0.244768540496968 0.754246262230294 0.246999697653897
0.243776838775898 0.755245265225305 0.246007095983421
0.242785084781994 0.756244268220316 0.245014441115645
0.241793279034863 0.757243271215327 0.244021733578842
0.240801422048948 0.758242274210338 0.243028973896036
0.239809514333578 0.759241277205349 0.242036162585057
0.238817556393018 0.76024028020036 0.241043300158594
0.237825548726522 0.761239283195371 0.240050387124245
0.23683349182838 0.762238286190382 0.239057423984566
0.235841386187969 0.763237289185393 0.238064411237124
0.234849232289801 0.764236292180404 0.237071349374544
0.233857030613574 0.765235295175415 0.236078238884559
0.232864781634214 0.766234298170426 0.235085080250059
0.23187248582193 0.767233301165437 0.234091873949138
0.230880143642254 0.768232304160448 0.233098620455143
0.229887755556092 0.769231307155459 0.232105320236721
0.228895322019767 0.77023031015047 0.231111973757864
0.227902843485069 0.771229313145481 0.230118581477956
0.226910320399293 0.772228316140492 0.229125143851821
0.225917753205292 0.773227319135503 0.228131661329766
0.224925142341513 0.774226322130514 0.227138134357624
0.223932488242047 0.775225325125525 0.226144563376803
0.22293979133667 0.776224328120536 0.225150948824327
0.221947052050885 0.777223331115547 0.224157291132881
0.220954270805966 0.778222334110558 0.223163590730851
0.219961448018999 0.779221337105569 0.222169848042372
0.218968584102924 0.78022034010058 0.221176063487364
0.217975679466576 0.78121934309559 0.220182237481579
0.216982734514729 0.782218346090601 0.21918837043664
0.215989749648128 0.783217349085612 0.218194462760084
0.214996725263539 0.784216352080623 0.217200514855396
0.214003661753782 0.785215355075634 0.216206527122061
0.213010559507773 0.786214358070645 0.215212499955592
0.212017418910562 0.787213361065656 0.214218433747576
0.21102424034337 0.788212364060667 0.213224328885712
0.210031024183632 0.789211367055678 0.212230185753847
0.209037770805027 0.790210370050689 0.211236004732019
0.208044480577522 0.7912093730457 0.21024178619649
0.207051153867407 0.792208376040711 0.209247530519786
0.206057791037329 0.793207379035722 0.208253238070735
0.205064392446331 0.794206382030733 0.2072589092145
0.204070958449887 0.795205385025744 0.206264544312619
0.203077489399939 0.796204388020755 0.205270143723042
0.202083985644927 0.797203391015766 0.204275707800159
0.201090447529831 0.798202394010777 0.203281236894847
0.200096875396201 0.799201397005788 0.202286731354494
0.19910326958219 0.800200400000799 0.201292191523041
0.198109630422591 0.80119940299581 0.200297617741011
0.197115958248869 0.802198405990821 0.199303010345548
0.196122253389195 0.803197408985832 0.198308369670447
0.195128516168477 0.804196411980843 0.197313696046188
0.194134746908392 0.805195414975854 0.196318989799969
0.193140945927422 0.806194417970865 0.195324251255741
0.192147113540881 0.807193420965876 0.194329480734234
0.191153250060951 0.808192423960887 0.193334678552997
0.190159355796708 0.809191426955898 0.192339845026424
0.189165431054158 0.810190429950909 0.191344980465785
0.188171476136265 0.81118943294592 0.190350085179263
0.187177491342979 0.812188435940931 0.189355159471977
0.186183476971272 0.813187438935942 0.188360203646018
0.185189433315161 0.814186441930953 0.187365218000477
0.184195360665742 0.815185444925964 0.186370202831474
0.183201259311218 0.816184447920975 0.185375158432189
0.182207129536924 0.817183450915986 0.18438008509289
0.181212971625364 0.818182453910997 0.183384983100965
0.180218785856228 0.819181456906008 0.182389852740943
0.179224572506429 0.820180459901019 0.181394694294534
0.178230331850129 0.82117946289603 0.180399508040645
0.17723606415876 0.822178465891041 0.179404294255416
0.17624176970106 0.823177468886052 0.178409053212245
0.175247448743094 0.824176471881063 0.177413785181814
0.174253101548283 0.825175474876074 0.176418490432117
0.173258728377428 0.826174477871085 0.175423169228488
0.172264329488739 0.827173480866096 0.174427821833624
0.171269905137859 0.828172483861107 0.173432448507615
0.170275455577889 0.829171486856118 0.172437049507969
0.169280981059416 0.830170489851129 0.171441625089634
0.168286481830534 0.83116949284614 0.170446175505029
0.167291958136873 0.83216849584115 0.169450701004064
0.166297410221618 0.833167498836161 0.16845520183417
0.16530283832554 0.834166501831172 0.167459678240318
0.164308242687016 0.835165504826183 0.166464130465049
0.163313623542052 0.836164507821194 0.165468558748494
0.162318981124309 0.837163510816205 0.164472963328399
0.161324315665126 0.838162513811216 0.16347734444015
0.160329627393542 0.839161516806227 0.162481702316796
0.159334916536317 0.840160519801238 0.16148603718907
0.158340183317961 0.841159522796249 0.160490349285415
0.157345427960749 0.84215852579126 0.159494638832006
0.156350650684749 0.843157528786271 0.15849890605277
0.155355851707839 0.844156531781282 0.157503151169412
0.154361031245733 0.845155534776293 0.156507374401435
0.153366189512001 0.846154537771304 0.155511575966162
0.152371326718087 0.847153540766315 0.154515756078758
0.151376443073338 0.848152543761326 0.153519914952251
0.150381538785016 0.849151546756337 0.152524052797554
0.149386614058324 0.850150549751348 0.151528169823487
0.148391669096426 0.851149552746359 0.150532266236792
0.147396704100466 0.85214855574137 0.149536342242163
0.146401719269589 0.853147558736381 0.148540398042258
0.145406714800958 0.854146561731392 0.147544433837724
0.14441169088978 0.855145564726403 0.146548449827214
0.14341664772932 0.856144567721414 0.145552446207411
0.142421585510919 0.857143570716425 0.144556423173042
0.141426504424021 0.858142573711436 0.143560380916902
0.140431404656183 0.859141576706447 0.142564319629871
0.1394362863931 0.860140579701458 0.141568239500934
0.13844114981862 0.861139582696469 0.140572140717197
0.137445995114764 0.86213858569148 0.139576023463911
0.136450822461742 0.863137588686491 0.138579887924486
0.135455632037975 0.864136591681502 0.137583734280511
0.134460424020109 0.865135594676513 0.13658756271177
0.133465198583035 0.866134597671524 0.135591373396265
0.132469955899906 0.867133600666535 0.134595166510228
0.131474696142151 0.868132603661546 0.133598942228142
0.130479419479497 0.869131606656557 0.132602700722755
0.129484126079985 0.870130609651568 0.131606442165103
0.128488816109984 0.871129612646579 0.130610166724521
0.127493489734209 0.87212861564159 0.129613874568664
0.126498147115738 0.873127618636601 0.128617565863521
0.125502788416029 0.874126621631612 0.127621240773434
0.124507413794934 0.875125624626623 0.12662489946111
0.123512023410716 0.876124627621634 0.125628542087645
0.122516617420066 0.877123630616644 0.124632168812531
0.121521195978115 0.878122633611655 0.123635779793678
0.120525759238454 0.879121636606666 0.122639375187428
0.119530307353148 0.880120639601677 0.12164295514857
0.118534840472748 0.881119642596688 0.120646519830357
0.117539358746309 0.882118645591699 0.119650069384517
0.116543862321407 0.88311764858671 0.118653603961275
0.115548351344148 0.884116651581721 0.117657123709363
0.114552825959186 0.885115654576732 0.116660628776035
0.113557286309739 0.886114657571743 0.115664119307083
0.1125617325376 0.887113660566754 0.114667595446852
0.111566164783152 0.888112663561765 0.113671057338254
0.110570583185383 0.889111666556776 0.11267450512278
0.109574987881902 0.890110669551787 0.111677938940517
0.108579379008945 0.891109672546798 0.110681358930162
0.107583756701399 0.892108675541809 0.109684765229032
0.106588121092806 0.89310767853682 0.108688157973083
0.105592472315383 0.894106681531831 0.10769153729692
0.104596810500032 0.895105684526842 0.10669490333381
0.103601135776354 0.896104687521853 0.105698256215699
0.102605448272662 0.897103690516864 0.104701596073221
0.101609748115992 0.898102693511875 0.103704923035713
0.100614035432119 0.899101696506886 0.102708237231228
0.099618310345567 0.900100699501897 0.101711538786547
0.0986225729796225 0.901099702496908 0.100714827827193
0.097626823456346 0.902098705491919 0.0997181044774412
0.0966310618965851 0.90309770848693 0.0987213688603333
0.0956352884199861 0.904096711481941 0.0977246210976893
0.0946395031450057 0.905095714476952 0.0967278613101192
0.0936437061889234 0.906094717471963 0.0957310896170353
0.0926478976678528 0.907093720466974 0.0947343061366642
0.0916520776967533 0.908092723461985 0.0937375109860585
0.0906562463894416 0.909091726456996 0.0927407042811084
0.0896604038586029 0.910090729452007 0.0917438861365531
0.0886645502158025 0.911089732447018 0.0907470566659924
0.0876686855714965 0.912088735442029 0.0897502159818984
0.0866728100350431 0.91308773843704 0.0887533641956258
0.0856769237147134 0.914086741432051 0.0877565014174239
0.0846810267177025 0.915085744427062 0.0867596277564467
0.0836851191501397 0.916084747422073 0.0857627433207649
0.0826892011170993 0.917083750417084 0.0847658482173757
0.0816932727226113 0.918082753412095 0.0837689425522133
0.0806973340696716 0.919081756407106 0.0827720264301609
0.0797013852602522 0.920080759402117 0.0817750999550592
0.0787054263953115 0.921079762397128 0.0807781632297185
0.0777094575748044 0.922078765392139 0.0797812163559278
0.0767134788976921 0.923077768387149 0.0787842594344652
0.0757174904619522 0.92407677138216 0.077787292565108
0.0747214923645884 0.925075774377171 0.0767903158466432
0.0737254847016399 0.926074777372182 0.0757933293768761
0.0727294675681917 0.927073780367193 0.0747963332526413
0.0717334410583832 0.928072783362204 0.0737993275698113
0.0707374052654182 0.929071786357215 0.072802312423307
0.069741360281574 0.930070789352226 0.0718052879071066
0.0687453061982108 0.931069792347237 0.0708082541142549
0.0677492431057804 0.932068795342248 0.0698112111368727
0.0667531710938355 0.933067798337259 0.068814159066166
0.0657570902510389 0.93406680133227 0.0678170979924357
0.0647610006651717 0.935065804327281 0.0668200280050849
0.0637649024231427 0.936064807322292 0.0658229491926297
0.0627687956109968 0.937063810317303 0.0648258616427069
0.0617726803139233 0.938062813312314 0.0638287654420833
0.0607765566162649 0.939061816307325 0.0628316606766636
0.059780424601526 0.940060819302336 0.0618345474314998
0.0587842843523809 0.941059822297347 0.060837425790799
0.0577881359506818 0.942058825292358 0.0598402958379326
0.0567919794774677 0.943057828287369 0.0588431576554437
0.0557958150129717 0.94405683128238 0.0578460113250556
0.0547996426366296 0.945055834277391 0.0568488569276804
0.0538034624270874 0.946054837272402 0.0558516945434263
0.0528072744622095 0.947053840267413 0.0548545242516067
0.0518110788190862 0.948052843262424 0.0538573461307464
0.0508148755740416 0.949051846257435 0.0528601602585913
0.0498186648026409 0.950050849252446 0.0518629667121147
0.0488224465796984 0.951049852247457 0.050865765567526
0.0478262209792846 0.952048855242468 0.049868556900277
0.0468299880747338 0.953047858237479 0.0488713407850713
0.0458337479386511 0.95404686123249 0.0478741172958698
0.0448375006429203 0.955045864227501 0.0468768865058995
0.0438412462587102 0.956044867222512 0.0458796484876597
0.0428449848564826 0.957043870217523 0.0448824033129303
0.0418487165059985 0.958042873212534 0.0438851510527779
0.0408524412763257 0.959041876207545 0.042887891777564
0.0398561592358453 0.960040879202556 0.0418906255569507
0.0388598704522588 0.961039882197567 0.0408933524599084
0.0378635749925946 0.962038885192578 0.0398960725547233
0.036867272923215 0.963037888187589 0.0388987859090027
0.0358709643098224 0.9640368911826 0.0379014925896832
0.0348746492174663 0.965035894177611 0.0369041926630359
0.0338783277105495 0.966034897172622 0.0359068861946744
0.0328819998528346 0.967033900167633 0.0349095732495606
0.0318856657074504 0.968032903162644 0.0339122538920115
0.0308893253368982 0.969031906157655 0.0329149281857047
0.0298929788030581 0.970030909152666 0.0319175961936862
0.0288966261671948 0.971029912147677 0.0309202579783756
0.0279002674899644 0.972028915142688 0.029922913601573
0.0269039028314198 0.973027918137699 0.028925563124464
0.0259075322510171 0.97402692113271 0.0279282066076275
0.0249111558076212 0.97502592412772 0.0269308441110403
0.0239147735595121 0.976024927122731 0.0259334756940837
0.0229183855643902 0.977023930117742 0.0249361014155495
0.0219219918793827 0.978022933112753 0.0239387213336452
0.0209255925610486 0.979021936107764 0.0229413355060011
0.0199291876653849 0.980020939102775 0.0219439439896744
0.0189327772478319 0.981019942097786 0.0209465468411561
0.0179363613632788 0.982018945092797 0.0199491441163761
0.0169399400660692 0.983017948087808 0.0189517358707091
0.0159435134100065 0.984016951082819 0.0179543221589794
0.0149470814483593 0.98501595407783 0.0169569030354677
0.0139506442338666 0.986014957072841 0.0159594785539147
0.0129542018187433 0.987013960067852 0.0149620487675283
0.0119577542546852 0.988012963062863 0.0139646137289874
0.0109613015928742 0.989011966057874 0.0129671734904482
0.00996484388398356 0.990010969052885 0.0119697281035486
0.00896838117818266 0.991009972047896 0.0109722776194139
0.00797191352514228 0.992008975042907 0.00997482208866185
0.00697544097403945 0.993007978037918 0.00897736156140738
0.00597896357356235 0.994006981032929 0.00797989608726775
0.0049824813719152 0.99500598402794 0.00698242571536741
0.00398599441682305 0.996004987022951 0.00598495049434333
0.00298950275553653 0.997003990017962 0.00498747047234916
0.00199300643483662 0.998002993012973 0.00398998569706049
0.00099650550103926 0.999001996007984 0.00299249621567932
