0.0850921022372236 0.01 0
0.161135830294088 0.02 0.0851630359633381
0.228992250820172 0.03 0.161270154920613
0.289440489139439 0.04 0.229183141316175
0.34318552699835 0.05 0.289681769961551
0.390865258260134 0.06 0.343471610283855
0.433056873160978 0.07 0.391191087901759
0.470282635023908 0.08 0.433417874203674
0.503015107245666 0.09 0.470674667877159
0.531681882870017 0.1 0.503434426253079
0.556669864082655 0.11 0.532125098821534
0.578329134458311 0.12 0.557133910294194
0.596976462714846 0.13 0.578811236079369
0.61289847304104 0.14 0.597474108956856
0.626354513727818 0.15 0.61340939204856
0.637579252813112 0.16 0.626876649841035
0.64678502671846 0.17 0.638110745994107
0.65416396538328 0.18 0.647324193935325
0.659889915165884 0.19 0.654709283765771
0.664120178756262 0.2 0.66044000676402
0.666997089514274 0.21 0.66467379674934
0.668649435989756 0.22 0.667553105732268
0.669193750881615 0.23 0.669206829622214
0.668735477336246 0.24 0.669751598261042
0.667370024257983 0.25 0.66929294269373
0.66518372119348 0.26 0.667926351358542
0.662254682346835 0.27 0.665738225767404
0.658653588372792 0.28 0.662806745241286
0.654444393772497 0.29 0.659202649355116
0.649684966971637 0.3 0.654989945923224
0.644427669487099 0.31 0.650226551611065
0.638719879978626 0.32 0.644964871584669
0.632604468430369 0.33 0.639252323999158
0.6261202252081 0.34 0.633131814575582
0.619302249286227 0.35 0.626642166015793
0.612182299530131 0.36 0.619818506553098
0.604789112549562 0.37 0.612692621527422
0.59714869030429 0.38 0.605293271503673
0.589284560340456 0.39 0.597646480117144
0.581218011262164 0.4 0.589775794526803
0.572968305794985 0.41 0.581702521083171
0.564552873573788 0.42 0.573445938569441
0.555987485584387 0.43 0.565023491150022
0.547286412004863 0.44 0.556450962957597
0.538462565026309 0.45 0.547742636066027
0.529527628082373 0.46 0.538911433430151
0.520492172780989 0.47 0.529969048223057
0.511365764708589 0.48 0.520926060865293
0.502157059165699 0.49 0.511792044917266
0.4928738877921 0.5 0.502575662894659
0.48352333694851 0.51 0.493284752965796
0.474111818639264 0.52 0.483926407398663
0.464645134685811 0.53 0.474507043542716
0.455128534793289 0.54 0.465032468055864
0.445566769091341 0.55 0.455507935019459
0.435964135675008 0.56 0.445938198522905
0.42632452362151 0.57 0.436327560244184
0.416651451913438 0.58 0.426679912502493
0.406948104657911 0.59 0.416998777213887
0.397217362954197 0.6 0.407287341139792
0.387461833728717 0.61 0.397548487781191
0.377683875826041 0.62 0.387784826237669
0.367885623617003 0.63 0.377998717320157
0.358069008360194 0.64 0.368192297178721
0.348235777530653 0.65 0.358367498681874
0.338387512309183 0.66 0.348526070761368
0.328525643407337 0.67 0.338669595916095
0.318651465386465 0.68 0.328799506050267
0.308766149614114 0.69 0.318917096804394
0.298870755987472 0.7 0.309023540522488
0.288966243541175 0.71 0.299119897985279
0.279053480045646 0.72 0.289207129026866
0.269133250692032 0.73 0.279286102141052
0.259206265950667 0.74 0.269357603173533
0.24927316868169 0.75 0.259422343186895
0.239334540569012 0.76 0.249480965577174
0.229390907942 0.77 0.239534052513179
0.219442747043158 0.78 0.22958213076303
0.209490488794527 0.79 0.219625676966235
0.199534523110491 0.8 0.209665122404053
0.189575202800177 0.81 0.199700857315907
0.179612847098481 0.82 0.189733234805029
0.169647744861086 0.83 0.179762574372433
0.159680157455419 0.84 0.169789165114595
0.149710321376511 0.85 0.159813268616822
0.139738450613913 0.86 0.149835121571288
0.129764738793378 0.87 0.139854938145928
0.119789361114733 0.88 0.129872912127906
0.109812476105338 0.89 0.119889218863095
0.099834227206677 0.9 0.109904017011007
0.0898547442099756 0.91 0.0999174501326996
0.0798741445551893 0.92 0.0899296481275937
0.0698925345063846 0.93 0.0799407285335443
0.0599100102152651 0.94 0.0699507977032008
0.04992665868349 0.95 0.0599599518684201
0.0399425586334161 0.96 0.0499682781033866
0.0299577812959773 0.97 0.0399758551960812
0.0199723911235879 0.98 0.0299827544368164
0.00998644643520424 0.99 0.0199890403317351
