0.00895013706603741 0.001 0
0.0178012691486999 0.002 0.00895021165076171
0.0265543813640317 0.003 0.0178014174931043
0.0352104490260087 0.004 0.0265546026512812
0.0437704377440704 0.005 0.0352107424473959
0.0522353035196821 0.006 0.0437708024989348
0.0606059928419353 0.007 0.0522357388153298
0.068883442782198 0.008 0.0606064978935601
0.077068581087822 0.009 0.0688840168128023
0.0851623262749188 0.01 0.0770692233281397
0.0931655877202121 0.011 0.0851630359633381
0.101079265751976 0.012 0.0931663641026992
0.108904251740068 0.013 0.101080108082
0.116641428185067 0.014 0.108905159278526
0.124291668806527 0.015 0.116642400200211
0.131855838630345 0.016 0.124292704573889
0.139334794075266 0.017 0.131856937432665
0.146729383038527 0.018 0.139335955202422
0.154040444980647 0.019 0.146730605787464
0.161268811009373 0.02 0.154041728655303
0.168415303962791 0.021 0.161270154920613
0.175480738491612 0.022 0.168416707428338
0.182465921140636 0.023 0.175482200835976
0.189371650429411 0.024 0.18246744169505
0.196198716932079 0.025 0.189373228531761
0.202947903356439 0.026 0.196200351926839
0.209619984622219 0.027 0.202949594594608
0.216215727938566 0.028 0.20962173146125
0.222735892880767 0.029 0.216217529742308
0.22918123146621 0.03 0.222737749019398
0.235552488229585 0.031 0.229183141316175
0.241850400297338 0.032 0.235554451173533
0.248075697461383 0.033 0.241852415724061
0.254229102252085 0.034 0.248077764765756
0.260311330010511 0.035 0.254231220835002
0.266323088959965 0.036 0.260313499278828
0.272265080276811 0.037 0.26632530832644
0.278137998160594 0.038 0.272267349160047
0.283942529903456 0.039 0.278140315984975
0.289679355958868 0.04 0.283944896099096
0.295349150009677 0.041 0.289681769961551
0.300952579035472 0.042 0.295351611260801
0.306490303379285 0.043 0.300955086981993
0.311962976813626 0.044 0.306492857473663
0.317371246605859 0.045 0.311965576513768
0.322715753582929 0.046 0.317373891375066
0.327997132195449 0.047 0.322718442889843
0.333216010581141 0.048 0.327999865513998
0.338373010627652 0.049 0.333218787390488
0.343468748034744 0.05 0.338375830412142
0.348503832375865 0.051 0.343471610283855
0.353478867159105 0.052 0.348506736584152
0.358394449887548 0.053 0.353481812826153
0.363251172119024 0.054 0.358397436517922
0.368049619525261 0.055 0.363254199222218
0.372790371950461 0.056 0.36805268661565
0.377474003469276 0.057 0.372793478547252
0.382101082444221 0.058 0.377477149096459
0.386672171582509 0.059 0.382104266630524
0.391187827992324 0.06 0.386675393861349
0.395648603238529 0.061 0.391191087901759
0.400055043397827 0.062 0.395651900321216
0.404407689113365 0.063 0.400058377200971
0.408707075648803 0.064 0.404411059188678
0.412953732941836 0.065 0.408710481552456
0.417148185657194 0.066 0.412957174234418
0.421290953239102 0.067 0.417151661903665
0.425382549963231 0.068 0.421294464008752
0.429423484988124 0.069 0.425386094829634
0.433414262406111 0.07 0.429427063529098
0.437355381293718 0.071 0.433417874203674
0.441247335761579 0.072 0.437359025934048
0.445090615003844 0.073 0.441251012834971
0.448885703347101 0.074 0.44509432410467
0.452633080298805 0.075 0.448889444073768
0.456333220595235 0.076 0.452636852253718
0.459986594248963 0.077 0.456337023384753
0.463593666595861 0.078 0.459990427483364
0.467154898341629 0.079 0.463597529889298
0.470670745607868 0.08 0.467158791312095
0.474141659977695 0.081 0.470674667877159
0.4775680885409 0.082 0.47414561117137
0.480950473938655 0.083 0.477572068288241
0.484289254407777 0.084 0.480954481872635
0.487584863824557 0.085 0.48429329016502
0.490837731748141 0.086 0.487588927045303
0.494048283463494 0.087 0.490841822076211
0.497216940023922 0.088 0.49405240054625
0.500344118293182 0.089 0.497221083512238
0.503430230987167 0.09 0.500348287841403
0.506475686715177 0.091 0.503434426253079
0.509480890020785 0.092 0.506479907359972
0.512446241422283 0.093 0.509485135709024
0.515372137452745 0.094 0.512450511821867
0.518258970699671 0.095 0.515376432234877
0.521107129844251 0.096 0.518263289538826
0.523916999700234 0.097 0.521111472418145
0.526688961252407 0.098 0.523921365689788
0.529423391694694 0.099 0.526693350341717
0.53212066446788 0.1 0.529427803571001
0.534781149296948 0.101 0.532125098821534
0.537405212228059 0.102 0.534785605821383
0.539993215665152 0.103 0.537409690619757
0.542545518406189 0.104 0.539997715623618
0.54506247567903 0.105 0.542550039633915
0.547544439176959 0.106 0.54506701788147
0.549991757093856 0.107 0.547549002062497
0.552404774159011 0.108 0.549996340373778
0.554783831671601 0.109 0.552409377547475
0.557129267534821 0.11 0.554788454885611
0.55944141628967 0.111 0.557133910294194
0.561720609148413 0.112 0.559446078317015
0.563967174027693 0.113 0.561725290169094
0.566181435581331 0.114 0.56397187376981
0.568363715232787 0.115 0.566186153775689
0.570514331207305 0.116 0.56836845161287
0.572633598563735 0.117 0.570519085509247
0.574721829226039 0.118 0.572638370526297
0.576779332014483 0.119 0.574726618590581
0.578806412676519 0.12 0.576784138524938
0.580803373917365 0.121 0.578811236079369
0.582770515430267 0.122 0.580808213961614
0.584708133926478 0.123 0.582775371867417
0.58661652316492 0.124 0.584713006510501
0.588495973981568 0.125 0.58662141165224
0.59034677431853 0.126 0.58850087813103
0.592169209252842 0.127 0.59035169389138
0.593963561024976 0.128 0.5921741440127
0.595730109067065 0.129 0.593968510737815
0.597469130030845 0.13 0.595735073501187
0.599180897815322 0.131 0.597474108956856
0.60086568359416 0.132 0.599185891006112
0.602523755842802 0.133 0.600870690824878
0.604155380365313 0.134 0.602528776890834
0.605760820320967 0.135 0.604160415010262
0.607340336250556 0.136 0.605765868344627
0.608894186102449 0.137 0.607345397436892
0.610422625258387 0.138 0.608899260237577
0.61192590655902 0.139 0.610427712130551
0.613404280329189 0.14 0.611931005958569
0.614857994402964 0.141 0.61340939204856
0.616287294148423 0.142 0.614863118236659
0.617692422492193 0.143 0.61629242989299
0.619073619943738 0.144 0.617697569946202
0.620431124619415 0.145 0.619078778907764
0.621765172266283 0.146 0.620436294896018
0.623075996285678 0.147 0.621770353659987
0.624363827756554 0.148 0.623081188602951
0.625628895458591 0.149 0.624369030805792
0.626871425895075 0.15 0.625634109050096
0.628091643315544 0.151 0.626876649841035
0.629289769738217 0.152 0.628096877430016
0.630466024972195 0.153 0.629295013837109
0.631620626639441 0.154 0.630471278873247
0.632753790196544 0.155 0.631625890162205
0.633865728956265 0.156 0.63275906316237
0.634956654108865 0.157 0.633871011188278
0.63602677474323 0.158 0.634961945431952
0.637076297867774 0.159 0.636032074984019
0.638105428431145 0.16 0.637081606854619
0.639114369342717 0.161 0.638110745994107
0.640103321492881 0.162 0.639119695313547
0.641072483773136 0.163 0.640108655705007
0.642022053095979 0.164 0.641077826061642
0.642952224414593 0.165 0.642027403297589
0.643863190742345 0.166 0.642957582367657
0.644755143172086 0.167 0.64386855628682
0.645628270895264 0.168 0.644760516149524
0.646482761220837 0.169 0.64563365114879
0.647318799594012 0.17 0.646488148595141
0.648136569614781 0.171 0.647324193935325
0.648936253056288 0.172 0.648141970770867
0.649718029883005 0.173 0.648941660876426
0.650482078268724 0.174 0.649723444217971
0.651228574614382 0.175 0.650487498970782
0.651957693565694 0.176 0.651234001537263
0.652669608030625 0.177 0.651963126564588
0.653364489196672 0.178 0.652675046962159
0.654042506547993 0.179 0.653369933918902
0.654703827882347 0.18 0.654047956920387
0.655348619327879 0.181 0.654709283765771
0.655977045359731 0.182 0.655354080584583
0.656589268816489 0.183 0.655982511853336
0.65718545091647 0.184 0.656594740411974
0.65776575127384 0.185 0.657190927480156
0.658330327914579 0.186 0.657771232673378
0.658879337292281 0.187 0.658335814018938
0.659412934303801 0.188 0.658884827971734
0.659931272304746 0.189 0.659418429429911
0.660434503124808 0.19 0.659936771750354
0.660922777082947 0.191 0.66044000676402
0.661396243002426 0.192 0.660928284791122
0.661855048225692 0.193 0.661401754656164
0.66229933862911 0.194 0.66186056370282
0.66272925863755 0.195 0.662304857808671
0.663144951238832 0.196 0.66273478139979
0.663546557998021 0.197 0.663150477465188
0.663934219071589 0.198 0.663552087571112
0.664308073221425 0.199 0.6639397518752
0.664668257828717 0.2 0.664313609140499
0.665014908907686 0.201 0.66467379674934
0.665348161119187 0.202 0.665020450717077
0.665668147784181 0.203 0.66535370570569
0.66597500089706 0.204 0.665673695037249
0.66626885113885 0.205 0.665980550707246
0.666549827890283 0.206 0.666274403397797
0.666818059244725 0.207 0.66655538249071
0.667073672020997 0.208 0.666823616080422
0.66731679177605 0.209 0.667079230986808
0.66754754281752 0.21 0.667322352767866
0.667766048216166 0.211 0.667553105732268
0.667972429818167 0.212 0.667771612951798
0.668166808257318 0.213 0.667977996273653
0.668349302967083 0.214 0.66817237633263
0.668520032192547 0.215 0.66835487256319
0.668679113002232 0.216 0.668525603211402
0.668826661299814 0.217 0.668684685346766
0.668962791835705 0.218 0.668832234873922
0.669087618218532 0.219 0.668968366544238
0.669201252926497 0.22 0.669093193967289
0.669303807318626 0.221 0.669206829622214
0.669395391645904 0.222 0.669309384868966
0.669476115062299 0.223 0.669400969959449
0.66954608563568 0.224 0.669481694048542
0.669605410358623 0.225 0.669551665205014
0.669654195159111 0.226 0.669610990422332
0.669692544911122 0.227 0.669659775629361
0.669720563445126 0.228 0.669698125700956
0.669738353558457 0.229 0.669726144468448
0.669746017025604 0.23 0.669743934730032
0.669743654608378 0.231 0.669751598261042
0.669731366065996 0.232 0.669749235824129
0.669709250165053 0.233 0.669736947179343
0.669677404689402 0.234 0.669714831094102
0.669635926449927 0.235 0.669682985353071
0.669584911294231 0.236 0.669641506767945
0.669524454116216 0.237 0.669590491187122
0.669454648865572 0.238 0.669530033505295
0.669375588557178 0.239 0.66946022767294
0.669287365280396 0.24 0.669381166705708
0.669190070208285 0.241 0.66929294269373
0.669083793606716 0.242 0.669195646810825
0.668968624843402 0.243 0.669089369323616
0.66884465239683 0.244 0.66897419960056
0.668711963865111 0.245 0.668850226120881
0.668570645974743 0.246 0.668717536483421
0.668420784589278 0.247 0.6685762174154
0.668262464717912 0.248 0.668426354781087
0.668095770523988 0.249 0.668268033590385
0.667920785333406 0.25 0.668101338007338
0.667737591642961 0.251 0.667926351358542
0.667546271128593 0.252 0.667743156141479
0.667346904653549 0.253 0.667551834032768
0.667139572276477 0.254 0.667352465896332
0.666924353259426 0.255 0.667145131791485
0.666701326075774 0.256 0.666929910980936
0.666470568418079 0.257 0.66670688193872
0.666232157205841 0.258 0.666476122358037
0.6659861685932 0.259 0.666237709159033
0.665732677976551 0.26 0.665991718496481
0.665471760002081 0.261 0.665738225767404
0.665203488573235 0.262 0.665477305618611
0.664927936858105 0.263 0.665209031954162
0.664645177296752 0.264 0.664933477942761
0.664355281608443 0.265 0.664650716025071
0.664058320798829 0.266 0.664360817920957
0.66375436516704 0.267 0.664063854636662
0.663443484312719 0.268 0.663759896471901
0.663125747142984 0.269 0.663449013026898
0.662801221879311 0.27 0.663131273209345
0.662469976064364 0.271 0.662806745241286
0.662132076568746 0.272 0.662475496665949
0.661787589597685 0.273 0.662137594354492
0.661436580697657 0.274 0.661793104512698
0.66107911476294 0.275 0.661442092687586
0.660715256042102 0.276 0.661084623773977
0.660345068144429 0.277 0.660720762020974
0.659968614046281 0.278 0.660350571038391
0.659585956097395 0.279 0.659974113803116
0.659197156027118 0.28 0.659591452665404
0.658802274950579 0.281 0.659202649355116
0.6584013733748 0.282 0.65880776498789
0.657994511204751 0.283 0.658406860071254
0.657581747749334 0.284 0.657999994510675
0.657163141727321 0.285 0.657587227615552
0.656738751273221 0.286 0.657168618105144
0.656308633943093 0.287 0.656744224114445
0.655872846720309 0.288 0.656314103199995
0.65543144602124 0.289 0.655878312345638
0.654984487700911 0.29 0.655436907968218
0.654532027058575 0.291 0.654989945923224
0.654074118843253 0.292 0.654537481510371
0.653610817259201 0.293 0.654079569479135
0.653142175971334 0.294 0.653616264034223
0.652668248110593 0.295 0.653147618841
0.652189086279258 0.296 0.652673687030847
0.651704742556205 0.297 0.652194521206484
0.651215268502119 0.298 0.65171017344722
0.650720715164646 0.299 0.651220695314171
0.650221133083501 0.3 0.650726137855407
0.649716572295519 0.301 0.650226551611065
0.649207082339662 0.302 0.649721986618396
0.648692712261968 0.303 0.649212492416775
0.648173510620461 0.304 0.64869811805265
0.647649525490005 0.305 0.648178912084449
0.64712080446711 0.306 0.647654922587437
0.646587394674693 0.307 0.647126197158519
0.64604934276679 0.308 0.646592782921006
0.645506694933222 0.309 0.646054726529323
0.644959496904214 0.31 0.645512074173675
0.644407793954966 0.311 0.644964871584669
0.643851630910184 0.312 0.644413164037882
0.643291052148561 0.313 0.643856996358393
0.642726101607212 0.314 0.643296412925265
0.642156822786073 0.315 0.64273145767598
0.641583258752248 0.316 0.642162174110835
0.641005452144314 0.317 0.641588605297294
0.64042344517659 0.318 0.641010793874289
0.639837279643354 0.319 0.640428782056491
0.639246996923024 0.32 0.639842611638527
0.638652637982296 0.321 0.639252323999158
0.638054243380241 0.322 0.638657960105423
0.63745185327236 0.323 0.63805956051673
0.6368455074146 0.324 0.637457165388915
0.63623524516733 0.325 0.636850814478256
0.635621105499277 0.326 0.636240547145451
0.635003126991422 0.327 0.63562640235955
0.63438134784086 0.328 0.635008418701858
0.633755805864616 0.329 0.634386634369786
0.633126538503434 0.33 0.633761087180676
0.632493582825511 0.331 0.633131814575582
0.631856975530213 0.332 0.632498853623011
0.631216752951739 0.333 0.631862241022635
0.630572951062759 0.334 0.631222013108956
0.629925605478006 0.335 0.630578205854942
0.629274751457844 0.336 0.629930854875626
0.628620423911786 0.337 0.629279995431662
0.627962657401995 0.338 0.628625662432857
0.62730148614673 0.339 0.62796789044166
0.626636944023775 0.34 0.627306713676617
0.625969064573824 0.341 0.626642166015793
0.625297881003835 0.342 0.625974281000162
0.624623426190352 0.343 0.625303091836959
0.623945732682793 0.344 0.624628631403002
0.6232648327067 0.345 0.623950932247977
0.62258075816697 0.346 0.6232700265977
0.621893540651038 0.347 0.62258594635733
0.62120321143204 0.348 0.621898723114567
0.620509801471938 0.349 0.621208388142806
0.61981334142462 0.35 0.62051497240427
0.619113861638959 0.351 0.619818506553098
0.618411392161854 0.352 0.61911902093842
0.617705962741233 0.353 0.618416545607384
0.616997602829024 0.354 0.617711110308166
0.616286341584108 0.355 0.617002744492939
0.615572207875226 0.356 0.616291477320826
0.614855230283873 0.357 0.615577337660811
0.614135437107151 0.358 0.614860354094625
0.613412856360604 0.359 0.614140554919608
0.612687515781015 0.36 0.613417968151535
0.611959442829181 0.361 0.612692621527422
0.611228664692661 0.362 0.611964542508294
0.610495208288491 0.363 0.611233758281936
0.60975910026588 0.364 0.61050029576561
0.609020367008873 0.365 0.609764181608746
0.608279034638988 0.366 0.609025442195608
0.60753512901783 0.367 0.608284103647933
0.606788675749678 0.368 0.607540191827542
0.606039700184042 0.369 0.606793732338925
0.605288227418202 0.37 0.606044750531806
0.604534282299715 0.371 0.605293271503673
0.6037778894289 0.372 0.604539320102289
0.603019073161301 0.373 0.603782920928181
0.602257857610119 0.374 0.603024098337092
0.601494266648623 0.375 0.602262876442426
0.600728323912542 0.376 0.601499279117652
0.599960052802423 0.377 0.600733329998694
0.599189476485976 0.378 0.599965052486295
0.598416617900386 0.379 0.599194469748357
0.59764149975461 0.38 0.598421604722258
0.59686414453165 0.381 0.597646480117144
0.596084574490793 0.382 0.596869118416202
0.595302811669847 0.383 0.596089541878908
0.594518877887338 0.384 0.595307772543251
0.593732794744695 0.385 0.594523832227939
0.592944583628408 0.386 0.593737742534581
0.592154265712168 0.387 0.592949524849847
0.591361861958986 0.388 0.592159200347603
0.590567393123286 0.389 0.591366789991035
0.589770879752981 0.39 0.59057231453474
0.588972342191533 0.391 0.589775794526803
0.588171800579978 0.392 0.588977250310853
0.587369274858948 0.393 0.588176702028097
0.586564784770664 0.394 0.587374169619331
0.585758349860905 0.395 0.586569672826941
0.584949989480968 0.396 0.585763231196869
0.584139722789602 0.397 0.584954864080574
0.583327568754923 0.398 0.584144590636964
0.58251354615631 0.399 0.583332429834313
0.581697673586284 0.4 0.582518400452156
0.58087996945237 0.401 0.581702521083171
0.580060451978933 0.402 0.580884810135034
0.579239139209001 0.403 0.580065285832262
0.578416049006074 0.404 0.579243966218035
0.577591199055906 0.405 0.578420869156001
0.576764606868273 0.406 0.57759601233206
0.575936289778729 0.407 0.576769413256137
0.575106264950335 0.408 0.575941089263929
0.574274549375375 0.409 0.575111057518638
0.573441159877059 0.41 0.574279335012692
0.572606113111203 0.411 0.573445938569441
0.571769425567894 0.412 0.57261088484484
0.570931113573141 0.413 0.571774190329112
0.570091193290506 0.414 0.570935871348403
0.569249680722721 0.415 0.57009594406641
0.568406591713287 0.416 0.569254424485997
0.567561941948061 0.417 0.568411328450798
0.566715746956822 0.418 0.567566671646801
0.565868022114827 0.419 0.566720469603915
0.565018782644345 0.42 0.565872737697523
0.564168043616181 0.421 0.565023491150022
0.563315819951183 0.422 0.564172745032343
0.562462126421734 0.423 0.563320514265458
0.561606977653231 0.424 0.562466813621873
0.560750388125543 0.425 0.561611657727107
0.559892372174465 0.426 0.56075506106115
0.559032943993145 0.427 0.559897037959915
0.55817211763351 0.428 0.55903760261667
0.557309907007666 0.429 0.558176769083459
0.556446325889293 0.43 0.557314551272503
0.555581387915018 0.431 0.556450962957597
0.554715106585784 0.432 0.555586017775482
0.553847495268196 0.433 0.554719729227214
0.552978567195859 0.434 0.553852110679507
0.552108335470701 0.435 0.552983175366079
0.551236813064286 0.436 0.552112936388967
0.550364012819105 0.437 0.551241406719841
0.549489947449867 0.438 0.550368599201301
0.548614629544768 0.439 0.549494526548162
0.547738071566746 0.44 0.548619201348722
0.546860285854734 0.441 0.547742636066027
0.545981284624889 0.442 0.54686484303911
0.545101079971816 0.443 0.545985834484231
0.544219683869775 0.444 0.545105622496095
0.543337108173883 0.445 0.544224219049063
0.542453364621293 0.446 0.543341635998349
0.541568464832375 0.447 0.542457885081206
0.540682420311872 0.448 0.541572977918098
0.539795242450053 0.449 0.540686926013866
0.538906942523853 0.45 0.539799740758874
0.538017531697999 0.451 0.538911433430151
0.537127021026128 0.452 0.538022015192516
0.536235421451889 0.453 0.537131497099698
0.535342743810044 0.454 0.536239890095439
0.534448998827543 0.455 0.535347205014589
0.533554197124603 0.456 0.534453452584189
0.532658349215769 0.457 0.533558643424545
0.531761465510964 0.458 0.532662788050288
0.530863556316529 0.459 0.531765896871427
0.529964631836256 0.46 0.530867980194391
0.529064702172409 0.461 0.529969048223057
0.528163777326732 0.462 0.529069111059772
0.527261867201448 0.463 0.528168178706363
0.526358981600254 0.464 0.527266261065137
0.525455130229297 0.465 0.526363367939872
0.524550322698147 0.466 0.525459509036796
0.523644568520757 0.467 0.524554693965559
0.522737877116414 0.468 0.523648932240193
0.521830257810683 0.469 0.522742233280064
0.520921719836336 0.47 0.521834606410814
0.520012272334278 0.471 0.520926060865293
0.519101924354463 0.472 0.520016605784482
0.518190684856793 0.473 0.519106250218408
0.517278562712019 0.474 0.518195003127051
0.516365566702626 0.475 0.517282873381234
0.515451705523713 0.476 0.516369869763517
0.51453698778386 0.477 0.515456000969069
0.513621422005991 0.478 0.514541275606543
0.512705016628226 0.479 0.513625702198935
0.511787780004722 0.48 0.512709289184433
0.510869720406513 0.481 0.511792044917266
0.509950846022335 0.482 0.510873977668536
0.509031164959443 0.483 0.509955095627046
0.508110685244424 0.484 0.50903540690012
0.507189414824 0.485 0.508114919514412
0.506267361565821 0.486 0.507193641416709
0.505344533259253 0.487 0.506271580474728
0.504420937616157 0.488 0.505348744477899
0.503496582271657 0.489 0.504425141138146
0.50257147478491 0.49 0.503500778090661
0.501645622639856 0.491 0.502575662894659
0.500719033245969 0.492 0.501649803034145
0.499791713938998 0.493 0.500723205918655
0.498863671981698 0.494 0.499795878883997
0.497934914564561 0.495 0.498867829192988
0.497005448806531 0.496 0.49793906403618
0.496075281755718 0.497 0.497009590532577
0.495144420390101 0.498 0.496079415730346
0.494212871618229 0.499 0.495148546607525
0.493280642279908 0.5 0.494216990072721
0.492347739146886 0.501 0.493284752965796
0.491414168923534 0.502 0.492351842058556
0.490479938247512 0.503 0.491418264055426
0.489545053690432 0.504 0.490484025594122
0.48860952175852 0.505 0.489549133246311
0.487673348893264 0.506 0.488613593518274
0.486736541472056 0.507 0.487677412851551
0.485799105808835 0.508 0.486740597623589
0.484861048154712 0.509 0.485803154148377
0.4839223746986 0.51 0.48486508867708
0.482983091567831 0.511 0.483926407398663
0.482043204828771 0.512 0.482987116440509
0.48110272048742 0.513 0.482047221869032
0.480161644490023 0.514 0.481106729690286
0.479219982723654 0.515 0.480165645850562
0.478277741016812 0.516 0.479223976236986
0.477334925140002 0.517 0.478281726678103
0.47639154080631 0.518 0.477338902944468
0.475447593671976 0.519 0.476395510749213
0.474503089336961 0.52 0.475451555748627
0.473558033345503 0.521 0.474507043542716
0.472612431186677 0.522 0.473561979675765
0.471666288294939 0.523 0.472616369636895
0.47071961005067 0.524 0.471670218860606
0.469772401780717 0.525 0.470723532727325
0.468824668758925 0.526 0.469776316563944
0.467876416206661 0.527 0.46882857564435
0.466927649293339 0.528 0.467880315189954
0.465978373136938 0.529 0.466931540370215
0.465028592804511 0.53 0.465982256303153
0.464078313312694 0.531 0.465032468055864
0.463127539628205 0.532 0.464082180645024
0.462176276668343 0.533 0.463131399037394
0.46122452930148 0.534 0.462180128150314
0.460272302347546 0.535 0.461228372852197
0.459319600578512 0.536 0.460276137963011
0.458366428718867 0.537 0.459323428254769
0.457412791446092 0.538 0.458370248451999
0.456458693391123 0.539 0.457416603232219
0.455504139138821 0.54 0.456462497226407
0.454549133228424 0.541 0.455507935019459
0.453593680154007 0.542 0.454552921150653
0.452637784364925 0.543 0.4535974601141
0.451681450266262 0.544 0.452641556359192
0.450724682219272 0.545 0.451685214291052
0.449767484541814 0.546 0.450728438270968
0.448809861508781 0.547 0.449771232616835
0.447851817352532 0.548 0.448813601603583
0.446893356263313 0.549 0.447855549463606
0.445934482389677 0.55 0.446897080387184
0.444975199838897 0.551 0.445938198522905
0.444015512677378 0.552 0.444978907978077
0.443055424931066 0.553 0.444019212819138
0.442094940585844 0.554 0.443059117072068
0.441134063587939 0.555 0.442098624722783
0.440172797844309 0.556 0.441137739717542
0.43921114722304 0.557 0.440176465963337
0.438249115553727 0.558 0.439214807328286
0.437286706627863 0.559 0.438252767642015
0.436323924199212 0.56 0.437290350696049
0.435360771984189 0.561 0.436327560244184
0.434397253662231 0.562 0.435364400002866
0.433433372876161 0.563 0.434400873651561
0.432469133232559 0.564 0.433436984833124
0.431504538302117 0.565 0.432472737154165
0.430539591619997 0.566 0.431508134185404
0.429574296686187 0.567 0.430543179462034
0.428608656965849 0.568 0.429577876484072
0.427642675889667 0.569 0.42861222871671
0.426676356854189 0.57 0.427646239590658
0.425709703222164 0.571 0.426679912502493
0.424742718322885 0.572 0.425713250814994
0.423775405452515 0.573 0.424746257857481
0.422807767874423 0.574 0.423778936926143
0.421839808819503 0.575 0.422811291284377
0.420871531486503 0.576 0.421843324163104
0.419902939042343 0.577 0.420875038761099
0.418934034622432 0.578 0.419906438245308
0.41796482133098 0.579 0.418937525751166
0.416995302241311 0.58 0.417968304382909
0.416025480396167 0.581 0.416998777213887
0.415055358808015 0.582 0.416028947286866
0.41408494045935 0.583 0.415058817614341
0.413114228302986 0.584 0.414088391178828
0.41214322526236 0.585 0.413117670933169
0.411171934231818 0.586 0.412146659800823
0.410200358076907 0.587 0.411175360676161
0.409228499634664 0.588 0.410203776424755
0.408256361713892 0.589 0.409231909883664
0.407283947095451 0.59 0.408259763861715
0.406311258532528 0.591 0.407287341139792
0.405338298750917 0.592 0.406314644471103
0.404365070449287 0.593 0.405341676581466
0.403391576299459 0.594 0.404368440169573
0.402417818946666 0.595 0.403394937907266
0.40144380100982 0.596 0.4024211724398
0.400469525081778 0.597 0.401447146386111
0.399494993729593 0.598 0.400472862339075
0.39852020949478 0.599 0.399498322865769
0.397545174893561 0.6 0.398523530507726
0.396569892417125 0.601 0.397548487781191
0.395594364531871 0.602 0.396573197177373
0.394618593679657 0.603 0.395597661162692
0.393642582278045 0.604 0.394621882179027
0.392666332720542 0.605 0.39364586264396
0.391689847376838 0.606 0.392669604951016
0.390713128593046 0.607 0.391693111469907
0.389736178691932 0.608 0.390716384546764
0.388758999973153 0.609 0.389739426504373
0.387781594713483 0.61 0.388762239642411
0.38680396516704 0.611 0.387784826237669
0.385826113565517 0.612 0.386807188544287
0.384848042118397 0.613 0.385829328793972
0.383869753013181 0.614 0.384851249196229
0.382891248415603 0.615 0.383872951938577
0.381912530469848 0.616 0.382894439186766
0.380933601298766 0.617 0.381915713085001
0.379954463004084 0.618 0.380936775756148
0.378975117666617 0.619 0.379957629301953
0.377995567346474 0.62 0.378978275803247
0.377015814083268 0.621 0.377998717320157
0.376035859896315 0.622 0.377018955892312
0.375055706784841 0.623 0.376038993539047
0.374075356728176 0.624 0.375058832259602
0.37309481168596 0.625 0.374078474033327
0.37211407359833 0.626 0.373097920819874
0.37113314438612 0.627 0.372117174559399
0.370152025951052 0.628 0.371136237172751
0.369170720175924 0.629 0.370155110561668
0.368189228924802 0.63 0.369173796608965
0.367207554043202 0.631 0.368192297178721
0.366225697358278 0.632 0.36721061411647
0.365243660679003 0.633 0.366228749249379
0.364261445796352 0.634 0.365246704386438
0.363279054483477 0.635 0.364264481318635
0.362296488495888 0.636 0.363282081819138
0.361313749571628 0.637 0.362299507643472
0.360330839431445 0.638 0.361316760529693
0.359347759778967 0.639 0.360333842198565
0.358364512300869 0.64 0.359350754353729
0.357381098667043 0.641 0.358367498681874
0.356397520530767 0.642 0.357384076852907
0.355413779528868 0.643 0.356400490520119
0.354429877281885 0.644 0.355416741320351
0.353445815394234 0.645 0.354432830874155
0.352461595454367 0.646 0.353448760785961
0.351477219034928 0.647 0.352464532644232
0.350492687692916 0.648 0.351480148021629
0.349508002969836 0.649 0.350495608475162
0.348523166391855 0.65 0.349510915546348
0.347538179469955 0.651 0.348526070761368
0.346553043700083 0.652 0.347541075631216
0.3455677605633 0.653 0.346555931651851
0.344582331525933 0.654 0.345570640304348
0.343596758039716 0.655 0.344585203055044
0.342611041541938 0.656 0.343599621355687
0.34162518345559 0.657 0.342613896643577
0.340639185189501 0.658 0.341628030341717
0.339653048138482 0.659 0.340642023858948
0.338666773683467 0.66 0.339655878590092
0.337680363191648 0.661 0.338669595916095
0.336693818016614 0.662 0.337683177204161
0.335707139498486 0.663 0.336696623807889
0.334720328964049 0.664 0.335709937067412
0.333733387726887 0.665 0.334723118309526
0.332746317087515 0.666 0.333736168847826
0.331759118333506 0.667 0.332749089982838
0.330771792739622 0.668 0.331761883002144
0.32978434156794 0.669 0.330774549180519
0.328796766067981 0.67 0.32978708978005
0.327809067476832 0.671 0.328799506050267
0.326821247019271 0.672 0.327811799228269
0.325833305907888 0.673 0.326823970538842
0.324845245343209 0.674 0.325836021194589
0.323857066513815 0.675 0.324847952396044
0.322868770596458 0.676 0.323859765331798
0.321880358756184 0.677 0.322871461178615
0.320891832146445 0.678 0.321883041101548
0.319903191909217 0.679 0.320894506254059
0.31891443917511 0.68 0.319905857778134
0.31792557506349 0.681 0.318917096804394
0.316936600682579 0.682 0.31792822445221
0.315947517129575 0.683 0.316939241829818
0.314958325490761 0.684 0.315950150034424
0.313969026841606 0.685 0.314960950152318
0.312979622246882 0.686 0.31397164325898
0.311990112760764 0.687 0.312982230419189
0.31100049942694 0.688 0.311992712687131
0.310010783278712 0.689 0.311003091106502
0.3090209653391 0.69 0.310013366710611
0.308031046620944 0.691 0.309023540522488
0.30704102812701 0.692 0.308033613554982
0.306050910850081 0.693 0.307043586810864
0.305060695773065 0.694 0.30605346128293
0.304070383869089 0.695 0.305063237954094
0.303079976101598 0.696 0.304072917797491
0.30208947342445 0.697 0.303082501776574
0.301098876782011 0.698 0.302091990845208
0.300108187109252 0.699 0.301101385947769
0.299117405331839 0.7 0.300110688019235
0.29812653236623 0.701 0.299119897985279
0.297135569119762 0.702 0.298129016762367
0.296144516490745 0.703 0.297138045257844
0.29515337536855 0.704 0.296146984370027
0.294162146633698 0.705 0.295155834988295
0.293170831157951 0.706 0.294164597993176
0.292179429804394 0.707 0.293173274256438
0.291187943427527 0.708 0.292181864641175
0.290196372873344 0.709 0.291190370001893
0.289204718979426 0.71 0.290198791184595
0.288212982575014 0.711 0.289207129026866
0.287221164481104 0.712 0.288215384357956
0.286229265510518 0.713 0.287223557998867
0.285237286467994 0.714 0.286231650762428
0.28424522815026 0.715 0.285239663453384
0.283253091346118 0.716 0.284247596868469
0.282260876836521 0.717 0.283255451796492
0.28126858539465 0.718 0.282263229018413
0.280276217785995 0.719 0.281270929307419
0.279283774768428 0.72 0.280278553429006
0.278291257092281 0.721 0.279286102141052
0.277298665500418 0.722 0.278293576193896
0.276306000728313 0.723 0.277300976330408
0.275313263504121 0.724 0.276308303286068
0.274320454548754 0.725 0.275315557789039
0.273327574575948 0.726 0.274322740560235
0.272334624292338 0.727 0.273329852313401
0.271341604397529 0.728 0.272336893755177
0.270348515584163 0.729 0.271343865585174
0.269355358537992 0.73 0.270350768496041
0.268362133937944 0.731 0.269357603173533
0.26736884245619 0.732 0.268364370296585
0.266375484758216 0.733 0.267371070537374
0.265382061502882 0.734 0.26637770456139
0.264388573342497 0.735 0.265384273027502
0.263395020922875 0.736 0.26439077658802
0.262401404883408 0.737 0.263397215888767
0.261407725857123 0.738 0.262403591569137
0.260413984470749 0.739 0.261409904262165
0.259420181344779 0.74 0.260416154594585
0.258426317093534 0.741 0.259422343186895
0.257432392325219 0.742 0.258428470653419
0.25643840764199 0.743 0.257434537602369
0.255444363640009 0.744 0.256440544635906
0.254450260909509 0.745 0.255446492350197
0.253456100034847 0.746 0.254452381335479
0.252461881594568 0.747 0.253458212176116
0.25146760616146 0.748 0.252463985450655
0.25047327430261 0.749 0.25146970173189
0.249478886579463 0.75 0.250475361586913
0.24848444354788 0.751 0.249480965577174
0.247489945758188 0.752 0.248486514258537
0.246495393755239 0.753 0.247492008181336
0.245500788078465 0.754 0.246497447890426
0.244506129261929 0.755 0.245502833925243
0.243511417834379 0.756 0.244508166819855
0.242516654319306 0.757 0.243513447103015
0.241521839234987 0.758 0.242518675298218
0.240526973094547 0.759 0.241523851923746
0.239532056406 0.76 0.240528977492726
0.238537089672311 0.761 0.239534052513179
0.237542073391436 0.762 0.238539077488072
0.236547008056377 0.763 0.237544052915366
0.235551894155233 0.764 0.236548979288068
0.234556732171243 0.765 0.23555385709428
0.233561522582841 0.766 0.234558686817246
0.232566265863698 0.767 0.233563468935402
0.231570962482772 0.768 0.232568203922425
0.230575612904356 0.769 0.231572892247276
0.229580217588123 0.77 0.230577534374252
0.228584776989172 0.771 0.22958213076303
0.227589291558073 0.772 0.228586681868713
0.226593761740913 0.773 0.227591188141874
0.225598187979342 0.774 0.226595650028605
0.224602570710614 0.775 0.225600067970557
0.223606910367631 0.776 0.22460444240499
0.222611207378991 0.777 0.22360877376481
0.221615462169023 0.778 0.222613062478616
0.220619675157838 0.779 0.221617308970744
0.219623846761365 0.78 0.220621513661306
0.218627977391394 0.781 0.219625676966235
0.217632067455618 0.782 0.218629799297324
0.216636117357674 0.783 0.217633881062271
0.215640127497182 0.784 0.216637922664715
0.214644098269785 0.785 0.215641924504279
0.213648030067192 0.786 0.214645886976611
0.212651923277212 0.787 0.213649810473421
0.211655778283795 0.788 0.212653695382523
0.210659595467073 0.789 0.21165754208787
0.209663375203393 0.79 0.210661350969597
0.20866711786536 0.791 0.209665122404053
0.207670823821868 0.792 0.208668856763847
0.206674493438143 0.793 0.207672554417877
0.205678127075777 0.794 0.206676215731371
0.204681725092764 0.795 0.205679841065924
0.203685287843534 0.796 0.204683430779533
0.202688815678992 0.797 0.203686985226631
0.201692308946551 0.798 0.202690504758127
0.200695767990169 0.799 0.201693989721435
0.199699193150378 0.8 0.200697440460517
0.198702584764324 0.801 0.199700857315907
0.197705943165798 0.802 0.198704240624756
0.19670926868527 0.803 0.197707590720855
0.195712561649921 0.804 0.196710907934679
0.194715822383677 0.805 0.19571419259341
0.193719051207241 0.806 0.194717445020978
0.192722248438124 0.807 0.193720665538087
0.191725414390679 0.808 0.192723854462253
0.190728549376131 0.809 0.191727012107829
0.189731653702607 0.81 0.190730138786045
0.188734727675169 0.811 0.189733234805029
0.187737771595844 0.812 0.188736300469846
0.186740785763653 0.813 0.187739336082526
0.185743770474641 0.814 0.186742341942091
0.18474672602191 0.815 0.185745318344591
0.183749652695643 0.816 0.184748265583128
0.182752550783137 0.817 0.183751183947889
0.181755420568828 0.818 0.182754073726172
0.180758262334326 0.819 0.181756935202417
0.179761076358435 0.82 0.180759768658235
0.178763862917188 0.821 0.179762574372433
0.177766622283868 0.822 0.178765352621045
0.176769354729041 0.823 0.177768103677359
0.175772060520582 0.824 0.176770827811942
0.174774739923698 0.825 0.175773525292669
0.173777393200958 0.826 0.174776196384752
0.172780020612319 0.827 0.173778841350762
0.17178262241515 0.828 0.172781460450656
0.170785198864262 0.829 0.171784053941809
0.169787750211927 0.83 0.170786622079029
0.16879027670791 0.831 0.169789165114595
0.167792778599488 0.832 0.16879168329827
0.16679525613148 0.833 0.167794176877337
0.165797709546268 0.834 0.166796646096614
0.164800139083821 0.835 0.165799091198485
0.163802544981722 0.836 0.164801512422923
0.16280492747519 0.837 0.163803910007512
0.161807286797103 0.838 0.162806284187473
0.160809623178021 0.839 0.161808635195685
0.159811936846211 0.84 0.160810963262712
0.158814228027669 0.841 0.159813268616822
0.157816496946141 0.842 0.158815551484011
0.156818743823148 0.843 0.15781781208803
0.155820968878006 0.844 0.156820050650399
0.154823172327848 0.845 0.155822267390438
0.153825354387649 0.846 0.154824462525282
0.152827515270244 0.847 0.153826636269906
0.151829655186347 0.848 0.152828788837146
0.150831774344581 0.849 0.151830920437721
0.149833872951488 0.85 0.150833031280253
0.148835951211559 0.851 0.149835121571288
0.147838009327247 0.852 0.148837191515316
0.146840047498993 0.853 0.147839241314794
0.145842065925241 0.854 0.146841271170163
0.144844064802464 0.855 0.14584328127987
0.143846044325177 0.856 0.144845271840389
0.14284800468596 0.857 0.143847243046236
0.141849946075478 0.858 0.142849195089995
0.140851868682499 0.859 0.14185112816233
0.139853772693911 0.86 0.140853042452011
0.138855658294743 0.861 0.139854938145928
0.137857525668185 0.862 0.138856815429113
0.136859374995601 0.863 0.137858674484754
0.135861206456552 0.864 0.13686051549422
0.134863020228813 0.865 0.135862338637072
0.133864816488389 0.866 0.134864144091087
0.132866595409535 0.867 0.133865932032271
0.13186835716477 0.868 0.13286770263488
0.130870101924899 0.869 0.131869456071435
0.129871829859025 0.87 0.130871192512742
0.128873541134569 0.871 0.129872912127906
0.127875235917289 0.872 0.12887461508435
0.126876914371289 0.873 0.127876301547831
0.125878576659044 0.874 0.126877971682457
0.124880222941409 0.875 0.125879625650703
0.123881853377643 0.876 0.124881263613426
0.122883468125415 0.877 0.123882885729885
0.12188506734083 0.878 0.122884492157753
0.120886651178435 0.879 0.121886083053133
0.119888219791245 0.88 0.120887658570576
0.118889773330746 0.881 0.119889218863095
0.117891311946922 0.882 0.118890764082182
0.116892835788262 0.883 0.117892294377818
0.115894345001778 0.884 0.116893809898496
0.11489583973302 0.885 0.115895310791227
0.113897320126087 0.886 0.114896797201564
0.112898786323649 0.887 0.113898269273606
0.111900238466951 0.888 0.112899727150025
0.110901676695837 0.889 0.111901170972067
0.109903101148757 0.89 0.110902600879577
0.108904511962785 0.891 0.109904017011007
0.107905909273629 0.892 0.10890541950343
0.106907293215649 0.893 0.107906808492557
0.105908663921866 0.894 0.106908184112748
0.104910021523979 0.895 0.105909546497026
0.103911366152376 0.896 0.104910895777092
0.102912697936148 0.897 0.103912232083333
0.1019140170031 0.898 0.102913555544841
0.100915323479768 0.899 0.101914866289425
0.0999166174914268 0.9 0.100916164443619
0.0989178991621049 0.901 0.0999174501326996
0.0979191686145973 0.902 0.0989187234806969
0.0969204259704772 0.903 0.0979199846104069
0.0959216713501077 0.904 0.0969212336434035
0.0949229048726546 0.905 0.0959224707000509
0.0939241266560978 0.906 0.0949236958995159
0.0929253368172433 0.907 0.0939249093597794
0.091926535471735 0.908 0.0929261111976483
0.0909277227340659 0.909 0.0919273015287675
0.08992889871759 0.91 0.090928480467631
0.0889300635345333 0.911 0.0899296481275937
0.087931217296005 0.912 0.0889308046208825
0.086932360112009 0.913 0.0879319500586076
0.0859334920914545 0.914 0.0869330845507739
0.084934613342167 0.915 0.0859342082062912
0.0839357239708993 0.916 0.0849353211329862
0.0829368240833418 0.917 0.0839364234376124
0.0819379137841333 0.918 0.0829375152258612
0.0809389931768714 0.919 0.0819385966023722
0.0799400623641231 0.92 0.0809396676707441
0.0789411214474346 0.921 0.0799407285335443
0.0779421705273418 0.922 0.0789417792923203
0.0769432097033803 0.923 0.0779428200476085
0.0759442390740951 0.924 0.0769438508989455
0.0749452587370509 0.925 0.0759448719448771
0.0739462687888415 0.926 0.0749458832829689
0.0729472693250996 0.927 0.0739468850098152
0.0719482604405063 0.928 0.0729478772210499
0.0709492422288006 0.929 0.0719488600113545
0.0699502147827889 0.93 0.0709498334744692
0.0689511781943541 0.931 0.0699507977032008
0.0679521325544647 0.932 0.0689517527894332
0.0669530779531843 0.933 0.0679526988241357
0.0659540144796802 0.934 0.0669536358973723
0.0649549422222325 0.935 0.0659545640983113
0.0639558612682429 0.936 0.0649554835152335
0.0629567717042434 0.937 0.0639563942355413
0.0619576736159051 0.938 0.0629572963457675
0.0609585670880465 0.939 0.0619581899315839
0.0599594522046423 0.94 0.0609590750778095
0.0589603290488316 0.941 0.0599599518684201
0.0579611977029261 0.942 0.058960820386555
0.0569620582484187 0.943 0.0579616807145271
0.0559629107659912 0.944 0.0569625329338295
0.054963755335523 0.945 0.0559633771251452
0.0539645920360981 0.946 0.0549642133683537
0.0529654209460142 0.947 0.0539650417425401
0.0519662421427895 0.948 0.0529658623260025
0.0509670557031712 0.949 0.0519666751962599
0.0499678617031425 0.95 0.0509674804300599
0.0489686602179307 0.951 0.0499682781033866
0.0479694513220149 0.952 0.0489690682914679
0.0469702350891326 0.953 0.0479698510687833
0.0459710115922878 0.954 0.0469706265090711
0.0449717809037584 0.955 0.045971394685336
0.0439725430951026 0.956 0.0449721556698563
0.0429732982371669 0.957 0.0439729095341907
0.0419740464000929 0.958 0.0429736563491867
0.0409747876533241 0.959 0.0419743961849861
0.0399755220656132 0.96 0.0409751291110332
0.0389762497050286 0.961 0.0399758551960812
0.0379769706389615 0.962 0.038976574508199
0.0369776849341328 0.963 0.0379772871147785
0.035978392656599 0.964 0.0369779930825409
0.0349790938717598 0.965 0.0359786924775435
0.0339797886443638 0.966 0.0349793853651865
0.0329804770385157 0.967 0.033980071810219
0.031981159117682 0.968 0.0329807518767463
0.0309818349446979 0.969 0.0319814256282353
0.0299825045817734 0.97 0.0309820931275219
0.0289831680904994 0.971 0.0299827544368164
0.027983825531854 0.972 0.0289834096177104
0.0269844769662086 0.973 0.0279840587311824
0.0259851224533337 0.974 0.0269847018376043
0.0249857620524053 0.975 0.0259853389967472
0.0239863958220106 0.976 0.0249859702677876
0.0229870238201537 0.977 0.0239865957093129
0.0219876461042615 0.978 0.0229872153793281
0.0209882627311898 0.979 0.0219878293352605
0.0199888737572283 0.98 0.0209884376339659
0.0189894792381069 0.981 0.0199890403317351
0.0179900792290008 0.982 0.0189896374842981
0.0169906737845363 0.983 0.0179902291468307
0.0159912629587961 0.984 0.0169908153739595
0.0149918468053248 0.985 0.0159913962197678
0.0139924253771341 0.986 0.0149919717378005
0.0129929987267085 0.987 0.0139925419810701
0.0119935669060101 0.988 0.0129931070020611
0.0109941299664838 0.989 0.0119936668527363
0.00999468795906299 0.99 0.0109942215845408
0.00899524093417394 0.991 0.00999477124840872
0.00799578894174132 0.992 0.00899531589476647
0.00699633203119303 0.993 0.00799585557353937
0.00599687025146513 0.994 0.00699639033415549
0.00499740365100676 0.995 0.00599692022555154
0.003997932277785 0.996 0.00499744529617684
0.00299845617928964 0.997 0.00399796559399908
0.00199897540253792 0.998 0.00299848116650823
0.000999489994079294 0.999 0.00199899206072216
