0.00903101637905123 0 0.00894131994927261
0.017962232458502 0.000999000999000999 0.0177838308196665
0.0267946402808346 0.001998001998002 0.026528514800657
0.0355292220273557 0.002997002997003 0.035176344318485
0.0441669501162192 0.003996003996004 0.0437282821332072
0.0527087872994745 0.004995004995005 0.0521852814347793
0.0611556867591501 0.00599400599400599 0.0605482859381866
0.0695085922023828 0.00699300699300699 0.0688182299776272
0.0777684379556002 0.00799200799200799 0.0769960385997599
0.0859361490577676 0.00899100899100899 0.0850826276560245
0.0940126413527082 0.00999000999000999 0.0930789038940455
0.101998821580505 0.010989010989011 0.100985765048126
0.109895587467995 0.011988011988012 0.108804099928842
0.117703827818363 0.012987012987013 0.116534788511748
0.125424422599846 0.013986013986014 0.1241787020252
0.133058243033551 0.014985014985015 0.131736703037302
0.140606151680411 0.015984015984016 0.139209645541995
0.148069002527264 0.016983016983017 0.146598375044284
0.155447641072082 0.017982017982018 0.153903728644622
0.162742904408358 0.018981018981019 0.161126535122451
0.169955621308641 0.01998001998002 0.168267615018919
0.177086612307254 0.020979020979021 0.175327780718769
0.184136689782183 0.021978021978022 0.182307836531413
0.191106658036153 0.022977022977023 0.189208578771208
0.197997313376897 0.023976023976024 0.196030795836928
0.204809444196632 0.024975024975025 0.202775268290442
0.211543831050737 0.025974025974026 0.209442768934623
0.218201246735656 0.026973026973027 0.216034062890469
0.224782456366024 0.027972027972028 0.222549907673462
0.231288217451024 0.028971028971029 0.228991053269176
0.237719279969991 0.02997002997003 0.235358242208117
0.244076386447258 0.030969030969031 0.241652209639837
0.250360272026261 0.031968031968032 0.247873683406296
0.256571664542908 0.032967032967033 0.254023384114507
0.262711284598217 0.033966033966034 0.260102025208447
0.268779845630234 0.034965034965035 0.266110313040267
0.274778053985234 0.035964035964036 0.272048946940781
0.280706608988216 0.036963036963037 0.277918619289262
0.286566203012694 0.037962037962038 0.283720015582543
0.2923575215498 0.038961038961039 0.28945381450343
0.298081243276694 0.03996003996004 0.295120687988432
0.303738040124301 0.040959040959041 0.300721301294827
0.309328577344363 0.041958041958042 0.306256313067052
0.314853513575839 0.042957042957043 0.311726375402435
0.320313500910635 0.043956043956044 0.317132133916277
0.325709184958684 0.044955044955045 0.322474227806288
0.331041204912377 0.045954045954046 0.327753289916373
0.336310193610357 0.046953046953047 0.332969946799797
0.341516777600679 0.047952047952048 0.33812481878171
0.346661577203333 0.048951048951049 0.34321852002106
0.351745206572161 0.04995004995005 0.348251658571889
0.356768273756145 0.050949050949051 0.353224836444009
0.361731380760093 0.051948051948052 0.358138649663093
0.366635123604719 0.0529470529470529 0.362993688330151
0.371480092386127 0.0539460539460539 0.367790536680429
0.376266871334704 0.0549450549450549 0.372529773141713
0.380996038873424 0.0559440559440559 0.377211970392057
0.38566816767558 0.0569430569430569 0.381837695416936
0.390283824721931 0.0579420579420579 0.386407509565836
0.394843571357293 0.0589410589410589 0.390921968608273
0.399347963346561 0.0599400599400599 0.39538162278926
0.403797550930173 0.0609390609390609 0.399787016884223
0.408192878879023 0.0619380619380619 0.404138690253373
0.412534486548835 0.0629370629370629 0.408437176895528
0.416822907933989 0.0639360639360639 0.412683005501412
0.42105867172081 0.0649350649350649 0.416876699506419
0.425242301340339 0.0659340659340659 0.42101877714285
0.429374315020567 0.0669330669330669 0.425109751491632
0.433455225838155 0.0679320679320679 0.429150130533529
0.437485541769641 0.0689310689310689 0.433140417199835
0.441465765742137 0.0699300699300699 0.437081109422568
0.44539639568352 0.0709290709290709 0.440972700184167
0.449277924572127 0.0719280719280719 0.444815677566685
0.453110840485955 0.0729270729270729 0.44861052480051
0.456895626651371 0.0739260739260739 0.452357720312582
0.460632761491338 0.0749250749250749 0.45605773777415
0.464322718673163 0.0759240759240759 0.459711046148037
0.46796596715577 0.0769230769230769 0.463318109735448
0.471562971236503 0.0779220779220779 0.466879388222303
0.475114190597459 0.0789210789210789 0.470395336725123
0.478620080351373 0.0799200799200799 0.473866405836439
0.48208109108703 0.0809190809190809 0.477293041669773
0.48549766891424 0.0819180819180819 0.480675685904152
0.488870255508359 0.0829170829170829 0.484014775828195
0.492199288154368 0.0839160839160839 0.48731074438375
0.495485199790513 0.0849150849150849 0.490564020209102
0.498728419051517 0.0859140859140859 0.493775027681757
0.501929370311354 0.0869130869130869 0.496944186960789
0.505088473725605 0.0879120879120879 0.500071914028775
0.508206145273388 0.0889110889110889 0.503158620733312
0.511282796798873 0.0899100899100899 0.506204714828118
0.514318836052388 0.0909090909090909 0.509210600013726
0.517314666731108 0.0919080919080919 0.512176675977774
0.520270688519349 0.0929070929070929 0.515103338434896
0.523187297128451 0.0939060939060939 0.517990979166213
0.526064884336279 0.0949050949050949 0.520839986058434
0.528903838026314 0.0959040959040959 0.523650743142566
0.531704542226372 0.0969030969030969 0.526423630632244
0.534467377146922 0.0979020979020979 0.529159024961672
0.537192719219041 0.0989010989010989 0.531857298823197
0.539880941131975 0.0999000999000999 0.5345188212045
0.542532411870335 0.100899100899101 0.537143957425422
0.545147496750926 0.101898101898102 0.539733069174426
0.547726557459201 0.102897102897103 0.54228651454469
0.550269952085362 0.103896103896104 0.544804648069849
0.552778035160094 0.104895104895105 0.547287820759375
0.555251157689949 0.105894105894106 0.549736380133609
0.557689667192379 0.106893106893107 0.552150670258443
0.560093907730416 0.107892107892108 0.554531031779663
0.562464219947009 0.108891108891109 0.556877801956937
0.564800941099025 0.10989010989011 0.559191314697483
0.567104405090903 0.110889110889111 0.561471900589386
0.569374942507979 0.111888111888112 0.563719886934598
0.571612880649483 0.112887112887113 0.565935597781595
0.573818543561197 0.113886113886114 0.568119353957726
0.5759922520678 0.114885114885115 0.570271473101226
0.578134323804886 0.115884115884116 0.572392269692917
0.580245073250663 0.116883116883117 0.574482055087597
0.582324811757337 0.117882117882118 0.576541137545111
0.584373847582191 0.118881118881119 0.578569822261115
0.586392485918342 0.11988011988012 0.580568411397539
0.588381028925207 0.120879120879121 0.582537204112736
0.590339775758653 0.121878121878122 0.584476496591345
0.592269022600854 0.122877122877123 0.58638658207385
0.594169062689853 0.123876123876124 0.588267750885839
0.596040186348827 0.124875124875125 0.590120290466987
0.59788268101506 0.125874125874126 0.591944485399738
0.599696831268629 0.126873126873127 0.593740617437711
0.601482918860808 0.127872127872128 0.595508965533811
0.603241222742184 0.128871128871129 0.597249805868079
0.604972019090501 0.12987012987013 0.598963411875249
0.606675581338217 0.130869130869131 0.600650054272037
0.608352180199798 0.131868131868132 0.602310001084161
0.610002083698734 0.132867132867133 0.60394351767309
0.611625557194285 0.133866133866134 0.605550866762527
0.61322286340797 0.134865134865135 0.607132308464628
0.614794262449782 0.135864135864136 0.608688100305964
0.616340011844149 0.136863136863137 0.610218497253219
0.617860366555636 0.137862137862138 0.611723751738638
0.619355579014389 0.138861138861139 0.613204113685223
0.620825899141329 0.13986013986014 0.614659830531669
0.622271574373095 0.140859140859141 0.616091147257063
0.623692849686737 0.141858141858142 0.617498306405333
0.625089967624165 0.142857142857143 0.618881548109454
0.626463168316356 0.143856143856144 0.620241110115412
0.627812689507321 0.144855144855145 0.621577227805932
0.629138766577826 0.145854145854146 0.622890134223972
0.63044163256889 0.146853146853147 0.624180060095975
0.63172151820504 0.147852147852148 0.625447233854905
0.632978651917336 0.148851148851149 0.626691881663034
0.634213259866172 0.14985014985015 0.627914227434522
0.635425565963846 0.150849150849151 0.629114492857758
0.636615791896903 0.151848151848152 0.630292897417491
0.637784157148265 0.152847152847153 0.631449658416728
0.638930879019133 0.153846153846154 0.632584990998424
0.640056172650674 0.154845154845155 0.633699108166957
0.641160251045492 0.155844155844156 0.634792220809379
0.642243325088886 0.156843156843157 0.63586453771647
0.6433056035699 0.157842157842158 0.636916265603568
0.644347293202153 0.158841158841159 0.637947609131208
0.645368598644477 0.15984015984016 0.63895877092554
0.646369722521338 0.160839160839161 0.639949951598554
0.647350865443058 0.161838161838162 0.640921349768105
0.648312226025837 0.162837162837163 0.641873162077727
0.649254000911577 0.163836163836164 0.642805583216267
0.650176384787505 0.164835164835165 0.643718805937308
0.6510795704056 0.165834165834166 0.644613021078413
0.651963748601838 0.166833166833167 0.645488417580164
0.65282910831523 0.167832167832168 0.646345182505022
0.653675836606682 0.168831168831169 0.647183501055996
0.654504118677662 0.16983016983017 0.648003556595127
0.655314137888686 0.170829170829171 0.648805530661786
0.656106075777614 0.171828171828172 0.649589602990791
0.656880112077772 0.172827172827173 0.650355951530349
0.657636424735885 0.173826173826174 0.651104752459812
0.65837518992984 0.174825174825175 0.651836180207259
0.659096582086267 0.175824175824176 0.652550407466909
0.659800773897946 0.176823176823177 0.653247605216349
0.660487936341044 0.177822177822178 0.653927942733606
0.661158238692179 0.178821178821179 0.654591587614032
0.661811848545311 0.17982017982018 0.65523870578704
0.662448931828471 0.180819180819181 0.655869461532654
0.663069652820318 0.181818181818182 0.656484017497914
0.663674174166539 0.182817182817183 0.657082534713099
0.664262656896073 0.183816183816184 0.657665172607806
0.664835260437193 0.184815184815185 0.658232089026857
0.665392142633407 0.185814185814186 0.658783440246053
0.665933459759215 0.186813186813187 0.65931938098777
0.666459366535708 0.187812187812188 0.6598400644364
0.666970016146004 0.188811188811189 0.660345642253643
0.667465560250541 0.18981018981019 0.660836264593637
0.667946149002208 0.190809190809191 0.661312080117947
0.668411931061335 0.191808191808192 0.661773236010402
0.668863053610526 0.192807192807193 0.662219877991784
0.66929966236935 0.193806193806194 0.662652150334367
0.669721901608883 0.194805194805195 0.663070195876322
0.670129914166107 0.195804195804196 0.663474156035967
0.670523841458165 0.196803196803197 0.663864170825886
0.670903823496474 0.197802197802198 0.664240378866895
0.671269998900701 0.198801198801199 0.664602917401885
0.671622504912592 0.1998001998002 0.664951922309512
0.671961477409675 0.200799200799201 0.665287528117763
0.672287050918817 0.201798201798202 0.665609868017377
0.67259935862965 0.202797202797203 0.665919073875142
0.672898532407867 0.203796203796204 0.666215276247055
0.673184702808376 0.204795204795205 0.666498604391348
0.673457999088335 0.205794205794206 0.666769186281392
0.673718549220052 0.206793206793207 0.667027148618466
0.673966479903751 0.207792207792208 0.667272616844406
0.674201916580225 0.208791208791209 0.667505715154119
0.674424983443349 0.20979020979021 0.667726566507982
0.674635803452476 0.210789210789211 0.66793529264411
0.674834498344709 0.211788211788212 0.66813201409051
0.675021188647053 0.212787212787213 0.668316850177107
0.67519599368844 0.213786213786214 0.668489919047651
0.675359031611639 0.214785214785215 0.668651337671514
0.675510419385047 0.215784215784216 0.668801221855359
0.675650272814365 0.216783216783217 0.668939686254697
0.675778706554151 0.217782217782218 0.669066844385335
0.675895834119266 0.218781218781219 0.669182808634698
0.676001767896203 0.21978021978022 0.669287690273053
0.676096619154301 0.220779220779221 0.669381599464606
0.676180498056852 0.221778221778222 0.669464645278502
0.676253513672093 0.222777222777223 0.669536935699711
0.676315773984095 0.223776223776224 0.669598577639798
0.676367385903535 0.224775224775225 0.669649676947601
0.67640845527837 0.225774225774226 0.66969033841979
0.6764390869044 0.226773226773227 0.669720665811329
0.676459384535723 0.227772227772228 0.669740761845826
0.676469450895096 0.228771228771229 0.66975072822579
0.676469387684181 0.22977022977023 0.669750665642779
0.676459295593698 0.230769230769231 0.669740673787449
0.676439274313474 0.231768231768232 0.669720851359504
0.676409422542392 0.232767232767233 0.669691296077543
0.676369837998239 0.233766233766234 0.669652104688819
0.676320617427464 0.234765234765235 0.669603372978888
0.676261856614825 0.235764235764236 0.669545195781173
0.676193650392957 0.236763236763237 0.669477666986425
0.676116092651829 0.237762237762238 0.669400879552096
0.676029276348121 0.238761238761239 0.669314925511614
0.675933293514497 0.23976023976024 0.669219895983572
0.675828235268789 0.240759240759241 0.669115881180817
0.675714191823096 0.241758241758242 0.669002970419455
0.675591252492781 0.242757242757243 0.668881252127768
0.67545950570539 0.243756243756244 0.668750813855033
0.675319039009472 0.244755244755245 0.668611742280265
0.675169939083321 0.245754245754246 0.668464123220867
0.675012291743627 0.246753246753247 0.66830804164119
0.674846181954033 0.247752247752248 0.668143581661019
0.674671693833626 0.248751248751249 0.667970826563963
0.674488910665322 0.24975024975025 0.667789858805771
0.674297914904183 0.250749250749251 0.667600760022558
0.674098788185645 0.251748251748252 0.667403611038953
0.673891611333666 0.252747252747253 0.667198491876166
0.673676464368791 0.253746253746254 0.666985481759975
0.673453426516139 0.254745254745255 0.666764659128632
0.673222576213308 0.255744255744256 0.666536101640691
0.672983991118207 0.256743256743257 0.666299886182757
0.672737748116801 0.257742257742258 0.666056088877163
0.672483923330792 0.258741258741259 0.665804785089564
0.672222592125206 0.25974025974026 0.66554604943646
0.671953829115924 0.260739260739261 0.665279955792643
0.671677708177121 0.261738261738262 0.665006577298567
0.671394302448646 0.262737262737263 0.664725986367652
0.671103684343316 0.263736263736264 0.664438254693508
0.670805925554143 0.264735264735265 0.664143453257091
0.670501097061494 0.265734265734266 0.663841652333786
0.670189269140169 0.266733266733267 0.663532921500421
0.669870511366418 0.267732267732268 0.663217329642213
0.669544892624884 0.268731268731269 0.662894944959639
0.669212481115479 0.26973026973027 0.662565834975246
0.668873344360185 0.270729270729271 0.662230066540386
0.668527549209802 0.271728271728272 0.661887705841893
0.668175161850611 0.272727272727273 0.661538818408684
0.667816247810984 0.273726273726274 0.661183469118301
0.667450871967925 0.274725274725275 0.660821722203385
0.667079098553539 0.275724275724276 0.660453641258087
0.666700991161449 0.276723276723277 0.660079289244415
0.666316612753139 0.277722277722278 0.659698728498516
0.665926025664238 0.278721278721279 0.6593120207369
0.665529291610743 0.27972027972028 0.658919227062597
0.665126471695175 0.280719280719281 0.658520407971257
0.664717626412682 0.281718281718282 0.658115623357185
0.66430281565707 0.282717282717283 0.657704932519321
0.663882098726786 0.283716283716284 0.657288394167159
0.663455534330835 0.284715284715285 0.656866066426601
0.663023180594636 0.285714285714286 0.656438006845763
0.662585095065828 0.286713286713287 0.656004272400718
0.662141334720008 0.287712287712288 0.655564919501179
0.661691955966422 0.288711288711289 0.655120003996134
0.661237014653591 0.28971028971029 0.654669581179413
0.660776566074886 0.290709290709291 0.654213705795212
0.66031066497405 0.291708291708292 0.653752432043555
0.659839365550653 0.292707292707293 0.653285813585703
0.65936272146551 0.293706293706294 0.652813903549507
0.658880785846033 0.294705294705295 0.652336754534715
0.658393611291529 0.295704295704296 0.651854418618217
0.657901249878459 0.296703296703297 0.651366947359247
0.657403753165624 0.297702297702298 0.650874391804524
0.65690117219932 0.298701298701299 0.650376802493348
0.656393557518428 0.2997002997003 0.649874229462647
0.655880959159458 0.300699300699301 0.649366722251965
0.655363426661544 0.301698301698302 0.648854329908411
0.654841009071386 0.302697302697303 0.648337100991553
0.654313754948147 0.303696303696304 0.647815083578263
0.6537817123683 0.304695304695305 0.647288325267513
0.653244928930423 0.305694305694306 0.646756873185133
0.65270345175995 0.306693306693307 0.646220773988504
0.652157327513879 0.307692307692308 0.645680073871224
0.65160660238542 0.308691308691309 0.645134818567712
0.651051322108613 0.30969030969031 0.644585053357774
0.650491531962888 0.310689310689311 0.644030823071124
0.649927276777584 0.311688311688312 0.643472172091853
0.649358600936426 0.312687312687313 0.642909144362866
0.648785548381951 0.313686313686314 0.64234178339026
0.648208162619896 0.314685314685315 0.641770132247672
0.647626486723538 0.315684315684316 0.641194233580573
0.647040563337994 0.316683316683317 0.640614129610527
0.646450434684478 0.317682317682318 0.640029862139405
0.645856142564512 0.318681318681319 0.639441472553556
0.6452577283641 0.31968031968032 0.638849001827934
0.644655233057858 0.320679320679321 0.638252490530195
0.644048697213102 0.321678321678322 0.637651978824739
0.643438160993899 0.322677322677323 0.63704750647672
0.642823664165074 0.323676323676324 0.636439112856019
0.642205246096177 0.324675324675325 0.635826836941165
0.641582945765415 0.325674325674326 0.635210717323232
0.640956801763541 0.326673326673327 0.63459079220969
0.640326852297706 0.327672327672328 0.633967099428211
0.63969313519527 0.328671328671329 0.633339676430455
0.639055687907579 0.32967032967033 0.632708560295799
0.638414547513703 0.330669330669331 0.632073787735042
0.637769750724134 0.331668331668332 0.631435395094066
0.637121333884455 0.332667332667333 0.630793418357467
0.636469332978959 0.333666333666334 0.630147893152143
0.635813783634251 0.334665334665335 0.629498854750852
0.635154721122792 0.335664335664336 0.628846338075729
0.634492180366429 0.336663336663337 0.628190377701774
0.633826195939875 0.337662337662338 0.627531007860303
0.63315680207416 0.338661338661339 0.626868262442364
0.632484032660049 0.33966033966034 0.626202175002116
0.631807921251425 0.340659340659341 0.625532778760181
0.631128501068633 0.341658341658342 0.624860106606962
0.6304458050018 0.342657342657343 0.624184191105918
0.629759865614116 0.343656343656344 0.623505064496822
0.629070715145085 0.344655344655345 0.622822758698971
0.628378385513741 0.345654345654346 0.622137305314378
0.627682908321832 0.346653346653347 0.621448735630924
0.626984314856978 0.347652347652348 0.620757080625477
0.626282636095792 0.348651348651349 0.620062370966989
0.625577902706968 0.34965034965035 0.619364637019552
0.624870145054348 0.350649350649351 0.618663908845432
0.624159393199947 0.351648351648352 0.617960216208068
0.623445676906955 0.352647352647353 0.617253588575041
0.62272902564271 0.353646353646354 0.616544055121017
0.622009468581635 0.354645354645355 0.615831644730657
0.621287034608151 0.355644355644356 0.615116386001502
0.620561752319559 0.356643356643357 0.614398307246824
0.619833650028899 0.357642357642358 0.613677436498454
0.619102755767766 0.358641358641359 0.612953801509578
0.618369097289117 0.35964035964036 0.61222742975751
0.617632702070036 0.360639360639361 0.61149834844643
0.616893597314477 0.361638361638362 0.6107665845101
0.616151809955979 0.362637362637363 0.610032164614556
0.615407366660356 0.363636363636364 0.609295115160763
0.614660293828353 0.364635364635365 0.608555462287256
0.613910617598287 0.365634365634366 0.607813231872743
0.613158363848653 0.366633366633367 0.607068449538694
0.612403558200705 0.367632367632368 0.60632114065189
0.611646226021016 0.368631368631369 0.605571330326964
0.610886392424007 0.36963036963037 0.604819043428899
0.610124082274456 0.370629370629371 0.604064304575515
0.609359320189978 0.371628371628372 0.603307138139923
0.608592130543482 0.372627372627373 0.60254756825296
0.607822537465604 0.373626373626374 0.601785618805594
0.607050564847113 0.374625374625375 0.601021313451312
0.606276236341298 0.375624375624376 0.600254675608478
0.605499575366331 0.376623376623377 0.599485728462671
0.604720605107595 0.377622377622378 0.598714494968999
0.60393934852001 0.378621378621379 0.597940997854389
0.603155828330312 0.37962037962038 0.597165259619859
0.602370067039332 0.380619380619381 0.596387302542756
0.601582086924234 0.381618381618382 0.595607148678989
0.600791910040741 0.382617382617383 0.594824819865221
0.599999558225336 0.383616383616384 0.594040337721055
0.599205053097441 0.384615384615385 0.59325372365119
0.598408416061577 0.385614385614386 0.592464998847553
0.597609668309496 0.386613386613387 0.591674184291421
0.596808830822299 0.387612387612388 0.590881300755508
0.596005924372529 0.388611388611389 0.590086368806045
0.595200969526244 0.38961038961039 0.589289408804826
0.59439398664507 0.390609390609391 0.588490440911245
0.593584995888233 0.391608391608392 0.587689485084306
0.59277401721457 0.392607392607393 0.586886561084613
0.591961070384522 0.393606393606394 0.586081688476346
0.591146174962106 0.394605394605395 0.585274886629211
0.590329350316868 0.395604395604396 0.584466174720376
0.589510615625814 0.396603396603397 0.583655571736378
0.588689989875325 0.397602397602398 0.582843096475027
0.587867491863054 0.398601398601399 0.582028767547276
0.587043140199798 0.3996003996004 0.581212603379079
0.58621695331136 0.400599400599401 0.580394622213232
0.585388949440384 0.401598401598402 0.579574842111192
0.584559146648176 0.402597402597403 0.578753280954881
0.58372756281651 0.403596403596404 0.57792995644847
0.582894215649408 0.404595404595405 0.577104886120144
0.58205912267491 0.405594405594406 0.576278087323854
0.581222301246824 0.406593406593407 0.575449577241049
0.580383768546455 0.407592407592408 0.574619372882387
0.579543541584319 0.408591408591409 0.573787491089438
0.578701637201847 0.40959040959041 0.572953948536361
0.577858072073059 0.410589410589411 0.572118761731569
0.577012862706231 0.411588411588412 0.571281947019377
0.576166025445542 0.412587412587413 0.570443520581635
0.575317576472706 0.413586413586414 0.569603498439336
0.574467531808585 0.414585414585415 0.568761896454225
0.573615907314792 0.415584415584416 0.567918730330376
0.572762718695267 0.416583416583417 0.567074015615757
0.571907981497852 0.417582417582418 0.566227767703788
0.571051711115839 0.418581418581419 0.565380001834873
0.570193922789503 0.41958041958042 0.564530733097922
0.569334631607632 0.420579420579421 0.563679976431859
0.568473852509021 0.421578421578422 0.562827746627108
0.567611600283975 0.422577422577423 0.561974058327073
0.566747889575775 0.423576423576424 0.561118926029601
0.565882734882147 0.424575424575425 0.560262364088423
0.565016150556702 0.425574425574426 0.559404386714592
0.564148150810377 0.426573426573427 0.558545007977899
0.563278749712843 0.427572427572428 0.557684241808276
0.562407961193919 0.428571428571429 0.55682210199719
0.561535799044955 0.42957042957043 0.555958602199014
0.560662276920213 0.430569430569431 0.555093755932397
0.559787408338227 0.431568431568432 0.554227576581604
0.558911206683152 0.432567432567433 0.55336007739786
0.558033685206103 0.433566433566434 0.552491271500668
0.557154857026473 0.434565434565435 0.55162117187912
0.556274735133247 0.435564435564436 0.550749791393193
0.555393332386294 0.436563436563437 0.549877142775032
0.554510661517654 0.437562437562438 0.54900323863022
0.553626735132804 0.438561438561439 0.548128091439038
0.552741565711923 0.43956043956044 0.547251713557711
0.551855165611131 0.440559440559441 0.546374117219636
0.550967547063726 0.441558441558442 0.545495314536611
0.550078722181403 0.442557442557443 0.544615317500036
0.549188702955463 0.443556443556444 0.543734137982114
0.548297501258011 0.444555444555445 0.542851787737037
0.547405128843139 0.445554445554446 0.541968278402155
0.546511597348103 0.446553446553447 0.541083621499139
0.545616918294476 0.447552447552448 0.540197828435134
0.54472110308931 0.448551448551449 0.539310910503893
0.543824163026262 0.44955044955045 0.538422878886905
0.54292610928673 0.450549450549451 0.537533744654515
0.542026952940966 0.451548451548452 0.536643518767023
0.541126704949178 0.452547452547453 0.535752212075782
0.540225376162631 0.453546453546454 0.534859835324279
0.53932297732472 0.454545454545455 0.533966399149208
0.538419519072052 0.455544455544456 0.533071914081531
0.537515011935502 0.456543456543457 0.532176390547529
0.536609466341264 0.457542457542458 0.531279838869845
0.535702892611893 0.458541458541459 0.53038226926851
0.534795300967337 0.45954045954046 0.529483691861964
0.533886701525953 0.460539460539461 0.528584116668071
0.532977104305519 0.461538461538462 0.527683553605111
0.532066519224234 0.462537462537463 0.526782012492774
0.531154956101707 0.463536463536464 0.525879503053142
0.530242424659938 0.464535464535465 0.524976034911654
0.529328934524286 0.465534465534466 0.524071617598072
0.528414495224433 0.466533466533467 0.523166260547426
0.527499116195332 0.467532467532468 0.522259973100963
0.526582806778152 0.468531468531469 0.521352764507074
0.525665576221207 0.46953046953047 0.520444643922217
0.524747433680879 0.470529470529471 0.519535620411835
0.523828388222534 0.471528471528472 0.518625702951255
0.522908448821427 0.472527472527473 0.51771490042659
0.521987624363596 0.473526473526474 0.51680322163562
0.521065923646747 0.474525474525474 0.515890675288673
0.520143355381136 0.475524475524476 0.514977270009496
0.519219928190439 0.476523476523477 0.514063014336111
0.518295650612606 0.477522477522478 0.513147916721672
0.51737053110072 0.478521478521479 0.512231985535303
0.516444578023838 0.479520479520479 0.51131522906294
0.515517799667826 0.480519480519481 0.510397655508153
0.514590204236185 0.481518481518482 0.509479272992967
0.513661799850873 0.482517482517482 0.508560089558671
0.512732594553111 0.483516483516484 0.507640113166622
0.511802596304191 0.484515484515485 0.506719351699037
0.510871812986265 0.485514485514486 0.505797812959785
0.509940252403136 0.486513486513487 0.50487550467516
0.509007922281034 0.487512487512487 0.503952434494655
0.508074830269388 0.488511488511489 0.503028609991726
0.507140983941591 0.48951048951049 0.502104038664543
0.506206390795753 0.49050949050949 0.501178727936748
0.505271058255451 0.491508491508492 0.500252685158186
0.50433499367047 0.492507492507492 0.499325917605642
0.503398204317536 0.493506493506494 0.49839843248357
0.502460697401041 0.494505494505495 0.49747023692481
0.501522480053766 0.495504495504495 0.496541337991297
0.500583559337589 0.496503496503497 0.49561174267477
0.499643942244189 0.497502497502497 0.494681457897468
0.498703635695749 0.498501498501498 0.493750490512822
0.497762646545641 0.4995004995005 0.492818847306137
0.496820981579114 0.500499500499501 0.49188653499527
0.495878647513971 0.501498501498502 0.490953560231301
0.494935651001234 0.502497502497502 0.490019929599196
0.493991998625817 0.503496503496504 0.489085649618465
0.493047696907174 0.504495504495505 0.488150726743813
0.492102752299957 0.505494505494505 0.487215167365783
0.491157171194655 0.506493506493506 0.486278977811393
0.490210959918234 0.507492507492508 0.48534216434477
0.489264124734769 0.508491508491508 0.484404733167773
0.488316671846068 0.509490509490509 0.483466690420615
0.487368607392291 0.510489510489511 0.482528042182471
0.486419937452564 0.511488511488511 0.481588794472088
0.485470668045584 0.512487512487512 0.480648953248385
0.48452080513022 0.513486513486514 0.479708524411049
0.48357035460611 0.514485514485514 0.47876751380112
0.482619322314246 0.515484515484515 0.47782592720158
0.48166771403756 0.516483516483517 0.476883770337923
0.4807155355015 0.517482517482518 0.475941048878731
0.479762792374601 0.518481518481518 0.474997768436241
0.478809490269052 0.519480519480519 0.474053934566899
0.477855634741255 0.520479520479521 0.473109552771922
0.476901231292379 0.521478521478521 0.472164628497842
0.475946285368911 0.522477522477522 0.471219167137049
0.474990802363198 0.523476523476524 0.470273174028334
0.474034787613986 0.524475524475524 0.469326654457419
0.47307824640695 0.525474525474525 0.468379613657481
0.472121183975228 0.526473526473527 0.467432056809682
0.471163605499936 0.527472527472527 0.466483989043679
0.470205516110689 0.528471528471528 0.465535415438141
0.469246920886113 0.529470529470529 0.464586341021251
0.468287824854351 0.53046953046953 0.463636770771212
0.467328232993564 0.531468531468531 0.462686709616742
0.466368150232429 0.532467532467532 0.461736162437568
0.465407581450631 0.533466533466533 0.460785134064908
0.46444653147935 0.534465534465534 0.459833629281958
0.46348500510174 0.535464535464535 0.458881652824367
0.462523007053414 0.536463536463537 0.457929209380713
0.461560542022907 0.537462537462537 0.456976303592964
0.46059761465215 0.538461538461538 0.456022940056949
0.459634229536935 0.53946053946054 0.455069123322811
0.458670391227365 0.54045954045954 0.454114857895466
0.45770610422832 0.541458541458541 0.453160148235046
0.456741372999895 0.542457542457542 0.452204998757351
0.455776201957852 0.543456543456543 0.451249413834286
0.454810595474061 0.544455544455544 0.450293397794298
0.453844557876933 0.545454545454545 0.449336954922808
0.452878093451852 0.546453546453546 0.448380089462639
0.451911206441607 0.547452547452547 0.447422805614438
0.45094390104681 0.548451548451548 0.446465107537099
0.449976181426318 0.549450549450549 0.445506999348172
0.449008051697651 0.55044955044955 0.444548485124281
0.448039515937395 0.551448551448551 0.443589568901524
0.447070578181618 0.552447552447552 0.442630254675881
0.446101242426264 0.553446553446553 0.44167054640361
0.445131512627559 0.554445554445554 0.440710448001644
0.444161392702404 0.555444555444555 0.439749963347978
0.443190886528762 0.556443556443556 0.438789096282063
0.44221999794605 0.557442557442557 0.43782785060518
0.44124873075552 0.558441558441558 0.436866230080827
0.440277088720637 0.559440559440559 0.435904238435091
0.439305075567457 0.56043956043956 0.434941879357021
0.438332694985 0.561438561438561 0.433979156498996
0.437359950625612 0.562437562437562 0.433016073477088
0.436386846105338 0.563436563436563 0.432052633871427
0.435413385004275 0.564435564435564 0.431088841226552
0.434439570866935 0.565434565434565 0.43012469905177
0.433465407202595 0.566433566433566 0.429160210821507
0.432490897485651 0.567432567432567 0.428195379975647
0.43151604515596 0.568431568431568 0.427230209919885
0.430540853619189 0.569430569430569 0.426264704026061
0.429565326247147 0.57042957042957 0.425298865632497
0.428589466378132 0.571428571428571 0.424332698044332
0.427613277317254 0.572427572427572 0.423366204533852
0.426636762336771 0.573426573426573 0.422399388340815
0.425659924676414 0.574425574425574 0.421432252672773
0.42468276754371 0.575424575424575 0.420464800705397
0.423705294114301 0.576423576423576 0.419497035582788
0.422727507532265 0.577422577422577 0.418528960417797
0.421749410910425 0.578421578421578 0.417560578292329
0.420771007330662 0.579420579420579 0.416591892257658
0.419792299844221 0.58041958041958 0.415622905334723
0.418813291472021 0.581418581418581 0.414653620514437
0.417833985204946 0.582417582417582 0.413684040757983
0.416854384004156 0.583416583416583 0.412714168997106
0.415874490801372 0.584415584415584 0.411744008134411
0.414894308499175 0.585414585414585 0.410773561043651
0.413913839971291 0.586413586413586 0.40980283057001
0.412933088062885 0.587412587412587 0.408831819530393
0.411952055590835 0.588411588411588 0.407860530713702
0.410970745344023 0.589410589410589 0.406888966881119
0.409989160083605 0.59040959040959 0.405917130766378
0.409007302543293 0.591408591408591 0.404945025076037
0.408025175429624 0.592407592407592 0.403972652489753
0.407042781422231 0.593406593406593 0.403000015660545
0.406060123174112 0.594405594405594 0.402027117215061
0.405077203311892 0.595404595404595 0.401053959753837
0.404094024436087 0.596403596403596 0.400080545851563
0.403110589121364 0.597402597402597 0.399106878057333
0.402126899916797 0.598401598401598 0.398132958894903
0.40114295934612 0.599400599400599 0.397158790862942
0.400158769907982 0.6003996003996 0.396184376435281
0.399174334076194 0.601398601398601 0.395209718061163
0.398189654299977 0.602397602397602 0.394234818165481
0.397204733004205 0.603396603396603 0.393259679149028
0.39621957258965 0.604395604395604 0.392284303388728
0.395234175433218 0.605394605394605 0.391308693237882
0.394248543888188 0.606393606393606 0.390332851026396
0.393262680284449 0.607392607392607 0.389356779061016
0.392276586928727 0.608391608391608 0.388380479625561
0.39129026610482 0.609390609390609 0.387403954981144
0.390303720073825 0.61038961038961 0.386427207366405
0.389316951074363 0.611388611388611 0.385450238997731
0.388329961322801 0.612387612387612 0.384473052069476
0.387342753013477 0.613386613386613 0.383495648754183
0.386355328318914 0.614385614385614 0.382518031202799
0.385367689390041 0.615384615384615 0.381540201544889
0.384379838356407 0.616383616383616 0.380562161888851
0.383391777326391 0.617382617382617 0.379583914322125
0.382403508387416 0.618381618381618 0.378605460911399
0.381415033606153 0.619380619380619 0.377626803702819
0.380426355028732 0.62037962037962 0.376647944722194
0.379437474680942 0.621378621378621 0.375668885975191
0.378448394568438 0.622377622377622 0.374689629447545
0.377459116676934 0.623376623376623 0.373710177105249
0.376469642972409 0.624375624375624 0.372730530894755
0.375479975401298 0.625374625374625 0.371750692743166
0.374490115890688 0.626373626373626 0.37077066455843
0.373500066348511 0.627372627372627 0.369790448229527
0.372509828663734 0.628371628371628 0.368810045626665
0.371519404706545 0.629370629370629 0.367829458601456
0.370528796328544 0.63036963036963 0.366848688987109
0.369538005362923 0.631368631368631 0.365867738598612
0.368547033624656 0.632367632367632 0.364886609232909
0.36755588291067 0.633366633366633 0.363905302669082
0.366564555000035 0.634365634365634 0.36292382066853
0.365573051654134 0.635364635364635 0.361942164975143
0.364581374616842 0.636363636363636 0.360960337315474
0.363589525614699 0.637362637362637 0.359978339398917
0.362597506357083 0.638361638361638 0.358996172917871
0.36160531853638 0.639360639360639 0.358013839547914
0.360612963828155 0.64035964035964 0.357031340947968
0.359620443891314 0.641358641358641 0.356048678760464
0.358627760368277 0.642357642357642 0.355065854611508
0.357634914885134 0.643356643356643 0.354082870111042
0.356641909051814 0.644355644355644 0.353099726853003
0.355648744462242 0.645354645354645 0.352116426415485
0.354655422694498 0.646353646353646 0.351132970360897
0.353661945310978 0.647352647352647 0.350149360236113
0.352668313858544 0.648351648351648 0.349165597572636
0.351674529868685 0.649350649350649 0.34818168388674
0.350680594857664 0.65034965034965 0.347197620679632
0.349686510326673 0.651348651348651 0.346213409437592
0.348692277761982 0.652347652347652 0.345229051632129
0.347697898635087 0.653346653346653 0.344244548720123
0.346703374402857 0.654345654345654 0.343259902143975
0.345708706507678 0.655344655344655 0.342275113331744
0.3447138963776 0.656343656343656 0.341290183697297
0.343718945426476 0.657342657342657 0.340305114640445
0.342723855054107 0.658341658341658 0.339319907547086
0.341728626646379 0.659340659340659 0.33833456378934
0.340733261575401 0.66033966033966 0.337349084725689
0.339737761199643 0.661338661338661 0.336363471701111
0.338742126864073 0.662337662337662 0.335377726047215
0.337746359900287 0.663336663336663 0.334391849082372
0.336750461626646 0.664335664335664 0.333405842111849
0.335754433348407 0.665334665334665 0.33241970642794
0.334758276357852 0.666333666333666 0.33143344331009
0.333761991934416 0.667332667332667 0.330447054025028
0.332765581344817 0.668331668331668 0.32946053982689
0.331769045843181 0.669330669330669 0.328473901957348
0.330772386671169 0.67032967032967 0.327487141645729
0.329775605058098 0.671328671328671 0.32650026010914
0.328778702221067 0.672327672327672 0.325513258552592
0.327781679365074 0.673326673326673 0.324526138169116
0.326784537683141 0.674325674325674 0.323538900139885
0.325787278356432 0.675324675324675 0.322551545634329
0.324789902554366 0.676323676323676 0.321564075810256
0.323792411434742 0.677322677322677 0.320576491813963
0.322794806143848 0.678321678321678 0.319588794780353
0.321797087816578 0.679320679320679 0.31860098583305
0.320799257576544 0.68031968031968 0.317613066084504
0.31980131653619 0.681318681318681 0.316625036636113
0.318803265796903 0.682317682317682 0.315636898578321
0.317805106449118 0.683316683316683 0.314648652990737
0.316806839572436 0.684315684315684 0.313660300942237
0.315808466235722 0.685314685314685 0.312671843491071
0.314809987497219 0.686313686313686 0.31168328168497
0.31381140440465 0.687312687312687 0.310694616561253
0.312812717995323 0.688311688311688 0.309705849146923
0.311813929296234 0.689310689310689 0.308716980458778
0.310815039324173 0.69030969030969 0.307728011503508
0.309816049085821 0.691308691308691 0.306738943277796
0.308816959577851 0.692307692307692 0.305749776768416
0.307817771787032 0.693306693306693 0.304760512952337
0.306818486690322 0.694305694305694 0.303771152796812
0.305819105254969 0.695304695304695 0.302781697259484
0.304819628438604 0.696303696303696 0.301792147288473
0.303820057189343 0.697302697302697 0.300802503822475
0.302820392445873 0.698301698301698 0.299812767790858
0.301820635137552 0.699300699300699 0.298822940113749
0.300820786184502 0.7002997002997 0.297833021702129
0.299820846497696 0.701298701298701 0.296843013457924
0.298820816979052 0.702297702297702 0.295852916274096
0.297820698521524 0.703296703296703 0.294862731034727
0.296820492009188 0.704295704295704 0.293872458615116
0.295820198317334 0.705294705294705 0.292882099881856
0.29481981831255 0.706293706293706 0.29189165569293
0.293819352852811 0.707292707292707 0.290901126897791
0.292818802787562 0.708291708291708 0.289910514337448
0.291818168957806 0.709290709290709 0.288919818844549
0.290817452196184 0.71028971028971 0.287929041243468
0.289816653327062 0.711288711288711 0.286938182350383
0.288815773166611 0.712287712287712 0.285947242973357
0.28781481252289 0.713286713286713 0.284956223912425
0.286813772195925 0.714285714285714 0.283965125959665
0.285812652977789 0.715284715284715 0.282973949899284
0.284811455652681 0.716283716283716 0.281982696507694
0.283810180997008 0.717282717282717 0.280991366553589
0.282808829779455 0.718281718281718 0.279999960798019
0.281807402761069 0.719280719280719 0.279008479994474
0.280805900695331 0.72027972027972 0.278016924888951
0.279804324328233 0.721278721278721 0.277025296220031
0.278802674398351 0.722277722277722 0.276033594718955
0.277800951636918 0.723276723276723 0.275041821109696
0.276799156767902 0.724275724275724 0.274049976109027
0.27579729050807 0.725274725274725 0.2730580604266
0.274795353567067 0.726273726273726 0.27206607476501
0.273793346647483 0.727272727272727 0.271074019819871
0.272791270444926 0.728271728271728 0.270081896279878
0.271789125648087 0.729270729270729 0.269089704826885
0.270786912938811 0.73026973026973 0.268097446135964
0.269784632992167 0.731268731268731 0.26710512087548
0.268782286476514 0.732267732267732 0.266112729707153
0.267779874053565 0.733266733266733 0.265120273286123
0.266777396378458 0.734265734265734 0.264127752261023
0.265774854099815 0.735264735264735 0.263135167274032
0.264772247859816 0.736263736263736 0.262142518960951
0.263769578294252 0.737262737262737 0.261149807951259
0.262766846032598 0.738261738261738 0.260157034868176
0.26176405169807 0.739260739260739 0.259164200328729
0.26076119590769 0.74025974025974 0.258171304943812
0.259758279272345 0.741258741258741 0.257178349318245
0.258755302396851 0.742257742257742 0.256185334050837
0.257752265880013 0.743256743256743 0.255192259734445
0.25674917031468 0.744255744255744 0.254199126956031
0.255746016287813 0.745254745254745 0.253205936296724
0.254742804380534 0.746253746253746 0.252212688331876
0.25373953516819 0.747252747252747 0.251219383631121
0.252736209220411 0.748251748251748 0.250226022758427
0.251732827101161 0.749250749250749 0.249232606272161
0.250729389368801 0.75024975024975 0.248239134725137
0.24972589657614 0.751248751248751 0.247245608664672
0.248722349270493 0.752247752247752 0.246252028632647
0.247718747993733 0.753246753246753 0.245258395165553
0.24671509328235 0.754245754245754 0.24426470879455
0.245711385667497 0.755244755244755 0.243270970045516
0.244707625675049 0.756243756243756 0.242277179439105
0.243703813825655 0.757242757242757 0.241283337490792
0.242699950634787 0.758241758241758 0.240289444710931
0.241696036612792 0.759240759240759 0.2392955016048
0.240692072264948 0.76023976023976 0.238301508672658
0.239688058091505 0.761238761238761 0.237307466409788
0.238683994587745 0.762237762237762 0.236313375306551
0.237679882244024 0.763236763236763 0.235319235848434
0.236675721545826 0.764235764235764 0.234325048516097
0.235671512973806 0.765234765234765 0.233330813785425
0.234667257003845 0.766233766233766 0.232336532127568
0.233662954107089 0.767232767232767 0.231342204008997
0.232658604750006 0.768231768231768 0.230347829891544
0.231654209394423 0.769230769230769 0.22935341023245
0.230649768497577 0.77022977022977 0.228358945484412
0.229645282512163 0.771228771228771 0.227364436095625
0.228640751886372 0.772227772227772 0.226369882509833
0.227636177063942 0.773226773226773 0.225375285166364
0.2266315584842 0.774225774225774 0.224380644500183
0.225626896582106 0.775224775224775 0.223385960941929
0.224622191788295 0.776223776223776 0.222391234917961
0.223617444529124 0.777222777222777 0.2213964668504
0.22261265522671 0.778221778221778 0.220401657157171
0.221607824298973 0.779220779220779 0.219406806252045
0.220602952159682 0.78021978021978 0.218411914544678
0.21959803921849 0.781218781218781 0.217416982440657
0.21859308588098 0.782217782217782 0.216422010341536
0.217588092548702 0.783216783216783 0.215426998644877
0.216583059619215 0.784215784215784 0.214431947744289
0.215577987486126 0.785214785214785 0.213436858029472
0.21457287653913 0.786213786213786 0.21244172988625
0.213567727164049 0.787212787212787 0.21144656369661
0.212562539742866 0.788211788211788 0.210451359838745
0.211557314653773 0.789210789210789 0.209456118687088
0.210552052271197 0.79020979020979 0.20846084061235
0.209546752965846 0.791208791208791 0.207465525981555
0.208541417104743 0.792207792207792 0.206470175158081
0.207536045051262 0.793206793206793 0.205474788501693
0.206530637165165 0.794205794205794 0.204479366368581
0.205525193802639 0.795204795204795 0.203483909111392
0.204519715316328 0.796203796203796 0.202488417079271
0.203514202055373 0.797202797202797 0.201492890617888
0.202508654365444 0.798201798201798 0.200497330069481
0.201503072588774 0.799200799200799 0.199501735772883
0.200497457064195 0.8001998001998 0.198506108063562
0.199491808127169 0.801198801198801 0.197510447273649
0.198486126109827 0.802197802197802 0.196514753731974
0.197480411340995 0.803196803196803 0.195519027764099
0.196474664146232 0.804195804195804 0.194523269692348
0.195468884847861 0.805194805194805 0.193527479835844
0.194463073765002 0.806193806193806 0.192531658510536
0.193457231213599 0.807192807192807 0.191535806029232
0.19245135750646 0.808191808191808 0.190539922701631
0.19144545295328 0.809190809190809 0.189544008834354
0.190439517860679 0.81018981018981 0.188548064730974
0.189433552532226 0.811188811188811 0.187552090692046
0.188427557268474 0.812187812187812 0.186556087015137
0.187421532366988 0.813186813186813 0.185560053994858
0.186415478122375 0.814185814185814 0.18456399192289
0.185409394826315 0.815184815184815 0.183567901088014
0.184403282767586 0.816183816183816 0.182571781776141
0.183397142232097 0.817182817182817 0.181575634270341
0.182390973502916 0.818181818181818 0.18057945885087
0.181384776860295 0.819180819180819 0.179583255795196
0.180378552581702 0.82017982017982 0.178587025378031
0.179372300941845 0.821178821178821 0.177590767871356
0.178366022212704 0.822177822177822 0.176594483544449
0.177359716663552 0.823176823176823 0.175598172663909
0.17635338456099 0.824175824175824 0.174601835493687
0.175347026168964 0.825174825174825 0.17360547229511
0.174340641748799 0.826173826173826 0.172609083326906
0.173334231559222 0.827172827172827 0.171612668845234
0.172327795856389 0.828171828171828 0.170616229103704
0.171321334893907 0.829170829170829 0.169619764353405
0.170314848922866 0.83016983016983 0.168623274842932
0.169308338191856 0.831168831168831 0.167626760818409
0.168301802946999 0.832167832167832 0.16663022252351
0.167295243431969 0.833166833166833 0.165633660199491
0.166288659888018 0.834165834165834 0.164637074085208
0.165282052554001 0.835164835164835 0.163640464417142
0.164275421666397 0.836163836163836 0.162643831429424
0.163268767459336 0.837162837162837 0.161647175353859
0.162262090164618 0.838161838161838 0.160650496419945
0.161255390011743 0.839160839160839 0.159653794854902
0.160248667227926 0.84015984015984 0.158657070883688
0.159241922038125 0.841158841158841 0.157660324729027
0.158235154665061 0.842157842157842 0.156663556611429
0.157228365329244 0.843156843156843 0.155666766749212
0.156221554248987 0.844155844155844 0.154669955358523
0.155214721640438 0.845154845154845 0.15367312265336
0.154207867717592 0.846153846153846 0.152676268845596
0.153200992692321 0.847152847152847 0.151679394144997
0.152194096774388 0.848151848151848 0.150682498759242
0.151187180171472 0.849150849150849 0.149685582893949
0.150180243089187 0.85014985014985 0.148688646752688
0.149173285731104 0.851148851148851 0.14769169053701
0.14816630829877 0.852147852147852 0.146694714446459
0.147159310991728 0.853146853146853 0.145697718678597
0.146152294007539 0.854145854145854 0.144700703429021
0.145145257541799 0.855144855144855 0.143703668891387
0.14413820178816 0.856143856143856 0.142706615257421
0.143131126938349 0.857142857142857 0.141709542716947
0.142124033182186 0.858141858141858 0.1407124514579
0.141116920707608 0.859140859140859 0.13971534166635
0.140109789700678 0.86013986013986 0.138718213526513
0.139102640345615 0.861138861138861 0.137721067220776
0.138095472824804 0.862137862137862 0.136723902929715
0.137088287318818 0.863136863136863 0.135726720832107
0.136081084006433 0.864135864135864 0.134729521104955
0.13507386306465 0.865134865134865 0.133732303923502
0.134066624668712 0.866133866133866 0.132735069461247
0.133059368992116 0.867132867132867 0.131737817889968
0.132052096206637 0.868131868131868 0.130740549379732
0.131044806482342 0.869130869130869 0.129743264098916
0.130037499987608 0.87012987012987 0.128745962214227
0.129030176889137 0.871128871128871 0.127748643890709
0.128022837351976 0.872127872127872 0.126751309291771
0.127015481539529 0.873126873126873 0.125753958579194
0.126008109613576 0.874125874125874 0.124756591913152
0.125000721734292 0.875124875124875 0.123759209452226
0.123993318060256 0.876123876123876 0.122761811353424
0.122985898748473 0.877122877122877 0.121764397772188
0.121978463954385 0.878121878121878 0.12076696886242
0.120971013831892 0.879120879120879 0.119769524776488
0.119963548533362 0.88011988011988 0.118772065665248
0.118956068209649 0.881118881118881 0.117774591678056
0.117948573010108 0.882117882117882 0.116777102962782
0.116941063082607 0.883116883116883 0.115779599665829
0.115933538573548 0.884115884115884 0.114782081932141
0.114925999627874 0.885114885114885 0.113784549905225
0.113918446389091 0.886113886113886 0.112787003727158
0.112910878999275 0.887112887112887 0.111789443538607
0.111903297599091 0.888111888111888 0.11079186947884
0.110895702327807 0.889110889110889 0.109794281685741
0.109888093323305 0.89010989010989 0.108796680295822
0.108880470722096 0.891108891108891 0.107799065444241
0.107872834659337 0.892107892107892 0.106801437264809
0.106865185268838 0.893106893106893 0.105803795890009
0.10585752268308 0.894105894105894 0.104806141451007
0.10484984703323 0.895104895104895 0.103808474077665
0.103842158449146 0.896103896103896 0.102810793898553
0.102834457059399 0.897102897102897 0.101813101040964
0.101826742991281 0.898101898101898 0.100815395630926
0.100819016370818 0.899100899100899 0.0998176777932133
0.0998112773227839 0.9000999000999 0.0988199476513611
0.0988035259707123 0.901098901098901 0.0978222053276756
0.0977957624369088 0.902097902097902 0.0968244509432475
0.0967879868424631 0.903096903096903 0.0958266846179639
0.0957801993072612 0.904095904095904 0.0948289064705203
0.0947723999499975 0.905094905094905 0.0938311166184322
0.0937645888881868 0.906093906093906 0.0928333151780469
0.0927567662381753 0.907092907092907 0.0918355022645555
0.0917489321151529 0.908091908091908 0.0908376779920036
0.0907410866331646 0.909090909090909 0.0898398424733034
0.0897332299051216 0.91008991008991 0.0888419958202448
0.0887253620428128 0.911088911088911 0.0878441381435065
0.0877174831569159 0.912087912087912 0.0868462695526668
0.0867095933570083 0.913086913086913 0.0858483901562147
0.0857016927515784 0.914085914085914 0.0848505000615613
0.0846937814480359 0.915084915084915 0.0838525993750495
0.0836858595527232 0.916083916083916 0.0828546882019651
0.0826779271709252 0.917082917082917 0.0818567666465479
0.0816699844068807 0.918081918081918 0.0808588348120009
0.0806620313637918 0.919080919080919 0.0798608928005016
0.0796540681438353 0.92007992007992 0.0788629407132116
0.0786460948481719 0.921078921078921 0.0778649786502872
0.077638111576957 0.922077922077922 0.0768670067108886
0.0766301184293503 0.923076923076923 0.0758690249931912
0.0756221155035258 0.924075924075924 0.0748710335943936
0.0746141028966817 0.925074925074925 0.0738730326107288
0.0736060807050501 0.926073926073926 0.0728750221374728
0.0725980490239063 0.927072927072927 0.071877002268955
0.0715900079475787 0.928071928071928 0.0708789730985667
0.0705819575694581 0.929070929070929 0.0698809347187711
0.0695738979820068 0.93006993006993 0.0688828872211124
0.0685658292767682 0.931068931068931 0.0678848306962246
0.0675577515443754 0.932067932067932 0.0668867652338406
0.066549664874561 0.933066933066933 0.0658886909228018
0.0655415693561654 0.934065934065934 0.0648906078510664
0.0645334650771458 0.935064935064935 0.063892516105718
0.0635253521245854 0.936063936063936 0.0628944157729745
0.0625172305847015 0.937062937062937 0.0618963069381973
0.0615091005428545 0.938061938061938 0.0608981896858988
0.0605009620835562 0.939060939060939 0.0599000640997513
0.0594928152904783 0.94005994005994 0.058901930262596
0.0584846602464611 0.941058941058941 0.0579037882564499
0.057476497033521 0.942057942057942 0.056905638162515
0.0564683257328595 0.943056943056943 0.0559074800611863
0.0554601464248707 0.944055944055944 0.0549093140320594
0.0544519591891496 0.945054945054945 0.0539111401539386
0.0534437641045001 0.946053946053946 0.0529129585048456
0.0524355612489427 0.947052947052947 0.0519147691620256
0.0514273506997224 0.948051948051948 0.0509165722019564
0.0504191325333163 0.949050949050949 0.0499183677003556
0.0494109068254413 0.95004995004995 0.0489201557321881
0.0484026736510617 0.951048951048951 0.0479219363716736
0.0473944330843967 0.952047952047952 0.0469237096922941
0.0463861851989275 0.953046953046953 0.0459254757668013
0.0453779300674051 0.954045954045954 0.0449272346672233
0.0443696677618573 0.955044955044955 0.0439289864648726
0.0433613983535958 0.956043956043956 0.0429307312303526
0.0423531219132237 0.957042957042957 0.0419324690335653
0.0413448385106419 0.958041958041958 0.0409341999437173
0.0403365482150569 0.959040959040959 0.0399359240293275
0.0393282510949869 0.96003996003996 0.0389376413582339
0.0383199472182691 0.961038961038961 0.0379393519976
0.0373116366520667 0.962037962037962 0.0369410560139213
0.0363033194628748 0.963036963036963 0.0359427534730331
0.0352949957165278 0.964035964035964 0.0349444444401159
0.0342866654782057 0.965034965034965 0.0339461289797019
0.0332783288124404 0.966033966033966 0.0329478071556826
0.0322699857831225 0.967032967032967 0.0319494790313137
0.0312616364535075 0.968031968031968 0.0309511446692223
0.030253280886222 0.969030969030969 0.0299528041314134
0.0292449191432704 0.97002997002997 0.0289544574792753
0.0282365512860402 0.971028971028971 0.027956104773586
0.0272281773753093 0.972027972027972 0.0269577460745195
0.0262197974712509 0.973026973026973 0.0259593814416516
0.0252114116334406 0.974025974025974 0.0249610109339658
0.0242030199208613 0.975024975024975 0.0239626346098596
0.02319462239191 0.976023976023976 0.0229642525271499
0.0221862191044029 0.977022977022977 0.0219658647430786
0.0211778101155817 0.978021978021978 0.0209674713143188
0.020169395482119 0.979020979020979 0.0199690722969804
0.0191609752601242 0.98001998001998 0.0189706677466154
0.0181525495051487 0.981018981018981 0.0179722577182234
0.0171441182721919 0.982017982017982 0.0169738422662579
0.0161356816157064 0.983016983016983 0.0159754214446303
0.0151272395896038 0.984015984015984 0.0149769953067168
0.0141187922472593 0.985014985014985 0.0139785639053624
0.0131103396415179 0.986013986013986 0.0129801272928876
0.0121018818246993 0.987012987012987 0.0119816855210922
0.0110934188486029 0.988011988011988 0.0109832386412611
0.0100849507645134 0.989010989010989 0.00998478670416984
0.00907647762320575 0.99000999000999 0.00898632976008885
0.00806799947494999 0.991008991008991 0.00798786785878876
0.00705951636951659 0.992007992007992 0.00698940104954615
0.00605102835618126 0.993006993006993 0.00599092938114711
0.00504253548372991 0.994005994005994 0.00499245290189297
0.00403403780046348 0.995004995004995 0.00399397165960487
0.0030255353542028 0.996003996003996 0.00299548570162888
0.00201702819229335 0.997002997002997 0.00199699507484003
0.00100851636160997 1 0.000998499825647716
