0.005 0 0.0851630359633381
0.00603224945357306 0.01 0.161270154920613
0.00614048064808486 0.02 0.229183141316175
0.00592654576545374 0.03 0.289681769961551
0.00558600038363033 0.04 0.343471610283855
0.00519883422610829 0.05 0.391191087901759
0.00480210181582273 0.06 0.433417874203674
0.00441409158925697 0.07 0.470674667877159
0.00404396067705499 0.08 0.503434426253079
0.00369608781582363 0.09 0.532125098821534
0.00337222821073822 0.1 0.557133910294194
0.00307265615721304 0.11 0.578811236079369
0.00279680339632759 0.12 0.597474108956856
0.00254363006831745 0.13 0.61340939204856
0.00231184653695256 0.14 0.626876649841035
0.00210004856610287 0.15 0.638110745994107
0.0019068004477273 0.16 0.647324193935325
0.0017306860173417 0.17 0.654709283765771
0.00157033943810507 0.18 0.66044000676402
0.00142446304021557 0.19 0.66467379674934
0.0012918367945313 0.2 0.667553105732268
0.00117132235720244 0.21 0.669206829622214
0.00106186360097237 0.22 0.669751598261042
0.000962484899738915 0.23 0.66929294269373
0.000872288012398197 0.24 0.667926351358542
0.000790448134896803 0.25 0.665738225767404
0.000716209504209648 0.26 0.662806745241286
0.000648880812659653 0.27 0.659202649355116
0.000587830605377107 0.28 0.654989945923224
0.000532482774739425 0.29 0.650226551611065
0.000482312224813682 0.3 0.644964871584669
0.000436840750482985 0.31 0.639252323999158
0.000395633156260613 0.32 0.633131814575582
0.000358293626183474 0.33 0.626642166015793
0.000324462346836503 0.34 0.619818506553098
0.00029381237924418 0.35 0.612692621527422
0.000266046771197322 0.36 0.605293271503673
0.000240895898941768 0.37 0.597646480117144
0.000218115025597615 0.38 0.589775794526803
0.000197482062885896 0.39 0.581702521083171
0.000178795522485262 0.4 0.573445938569441
0.000161872643459063 0.41 0.565023491150022
0.000146547682563759 0.42 0.556450962957597
0.000132670354785965 0.43 0.547742636066027
0.000120104412095235 0.44 0.538911433430151
0.000108726349097691 0.45 0.529969048223057
9.84242249995371e-05 0.46 0.520926060865293
8.90965920166121e-05 0.47 0.511792044917266
8.06515210803963e-05 0.48 0.502575662894659
7.30057163816111e-05 0.49 0.493284752965796
6.6083710952569e-05 0.5 0.483926407398663
5.9817136114493e-05 0.51 0.474507043542716
5.41440582037631e-05 0.52 0.465032468055864
4.9008376540573e-05 0.53 0.455507935019459
4.43592771149458e-05 0.54 0.445938198522905
4.01507369392961e-05 0.55 0.436327560244184
3.63410744550909e-05 0.56 0.426679912502493
3.28925417853108e-05 0.57 0.416998777213887
2.97709549961955e-05 0.58 0.407287341139792
2.69453588731315e-05 0.59 0.397548487781191
2.43877230284916e-05 0.6 0.387784826237669
2.20726664457333e-05 0.61 0.377998717320157
1.99772078260361e-05 0.62 0.368192297178721
1.80805393430539e-05 0.63 0.358367498681874
1.63638216297433e-05 0.64 0.348526070761368
1.48099980203761e-05 0.65 0.338669595916095
1.34036262523101e-05 0.66 0.328799506050267
1.21307259973618e-05 0.67 0.318917096804394
1.09786407430416e-05 0.68 0.309023540522488
9.93591268075996e-06 0.69 0.299119897985279
8.99216938255147e-06 0.7 0.289207129026866
8.13802116097879e-06 0.71 0.279286102141052
7.36496810966184e-06 0.72 0.269357603173533
6.66531591524593e-06 0.73 0.259422343186895
6.03209961641025e-06 0.74 0.249480965577174
5.4590145624981e-06 0.75 0.239534052513179
4.94035389422142e-06 0.76 0.22958213076303
4.47095193230002e-06 0.77 0.219625676966235
4.04613291742539e-06 0.78 0.209665122404053
3.6616645971268e-06 0.79 0.199700857315907
3.31371620245164e-06 0.8 0.189733234805029
2.99882040029723e-06 0.81 0.179762574372433
2.71383884615331e-06 0.82 0.169789165114595
2.45593099730211e-06 0.83 0.159813268616822
2.22252587851187e-06 0.84 0.149835121571288
2.01129652125464e-06 0.85 0.139854938145928
1.82013682375902e-06 0.86 0.129872912127906
1.64714060302379e-06 0.87 0.119889218863095
1.49058263149971e-06 0.88 0.109904017011007
1.34890147070121e-06 0.89 0.0999174501326996
1.22068393172694e-06 0.9 0.0899296481275937
1.10465100871941e-06 0.91 0.0799407285335443
9.99645145835071e-07 0.92 0.0699507977032008
9.04618711468241e-07 0.93 0.0599599518684201
8.18623565404173e-07 0.94 0.0499682781033866
7.40801615383428e-07 0.95 0.0399758551960812
6.70376269348248e-07 0.96 0.0299827544368164
6.06644698506643e-07 0.97 0.0199890403317351
5.48970834378552e-07 0.98 0.00999477124840872
4.49504255074107e-07 1 5.8885730493119e-18
