1.1733459507973 0 0.506204714828118
1.52024562060286 0.0909090909090909 0.655869461532654
1.5341780825331 0.181818181818182 0.661887705841893
1.4139612790238 0.272727272727273 0.610032164614556
1.23969703482867 0.363636363636364 0.534859835324279
1.04365759987779 0.454545454545455 0.450293397794298
0.838845151321976 0.545454545454545 0.361942164975143
0.630498140494087 0.636363636363636 0.27206607476501
0.420727088735936 0.727272727272727 0.181575634270341
0.210382304669523 1 0.0908376779920035
